0 1
1 2
2 3
3 4
4 5
5 6
6 7
7 8
8 9
9 10
10 11
11 12
12 13
13 14
14 15
15 16
16 17
17 18
18 19
19 20
20 21
21 0
22 23
23 24
24 25
25 26
26 27
27 28
28 29
29 30
30 31
31 32
32 33
33 34
34 35
35 36
36 37
37 38
38 39
39 40
40 41
41 42
42 43
43 22
44 45
45 46
46 47
47 48
48 49
49 50
50 51
51 52
52 53
53 54
54 55
55 56
56 57
57 58
58 59
59 60
60 61
61 62
62 63
63 64
64 65
65 44
66 67
67 68
68 69
69 70
70 71
71 72
72 73
73 74
74 75
75 76
76 77
77 78
78 79
79 80
80 81
81 82
82 83
83 84
84 85
85 86
86 87
87 66
88 89
89 90
90 91
91 92
92 93
93 94
94 95
95 96
96 97
97 98
98 99
99 100
100 101
101 102
102 103
103 104
104 105
105 106
106 107
107 108
108 109
109 88
110 111
111 112
112 113
113 114
114 115
115 116
116 117
117 118
118 119
119 120
120 121
121 122
122 123
123 124
124 125
125 126
126 127
127 128
128 129
129 130
130 131
131 110
132 133
133 134
134 135
135 136
136 137
137 138
138 139
139 140
140 141
141 142
142 143
143 144
144 145
145 146
146 147
147 148
148 149
149 150
150 151
151 152
152 153
153 132
154 155
155 156
156 157
157 158
158 159
159 160
160 161
161 162
162 163
163 164
164 165
165 166
166 167
167 168
168 169
169 170
170 171
171 172
172 173
173 174
174 175
175 154
176 177
177 178
178 179
179 180
180 181
181 182
182 183
183 184
184 185
185 186
186 187
187 188
188 189
189 190
190 191
191 192
192 193
193 194
194 195
195 196
196 197
197 176
198 199
199 200
200 201
201 202
202 203
203 204
204 205
205 206
206 207
207 208
208 209
209 210
210 211
211 212
212 213
213 214
214 215
215 216
216 217
217 218
218 219
219 198
220 221
221 222
222 223
223 224
224 225
225 226
226 227
227 228
228 229
229 230
230 231
231 232
232 233
233 234
234 235
235 236
236 237
237 238
238 239
239 240
240 241
241 220
242 243
243 244
244 245
245 246
246 247
247 248
248 249
249 250
250 251
251 252
252 253
253 254
254 255
255 256
256 257
257 258
258 259
259 260
260 261
261 262
262 263
263 242
264 265
265 266
266 267
267 268
268 269
269 270
270 271
271 272
272 273
273 274
274 275
275 276
276 277
277 278
278 279
279 280
280 281
281 282
282 283
283 284
284 285
285 264
286 287
287 288
288 289
289 290
290 291
291 292
292 293
293 294
294 295
295 296
296 297
297 298
298 299
299 300
300 301
301 302
302 303
303 304
304 305
305 306
306 307
307 286
308 309
309 310
310 311
311 312
312 313
313 314
314 315
315 316
316 317
317 318
318 319
319 320
320 321
321 322
322 323
323 324
324 325
325 326
326 327
327 328
328 329
329 308
330 331
331 332
332 333
333 334
334 335
335 336
336 337
337 338
338 339
339 340
340 341
341 342
342 343
343 344
344 345
345 346
346 347
347 348
348 349
349 350
350 351
351 330
352 353
353 354
354 355
355 356
356 357
357 358
358 359
359 360
360 361
361 362
362 363
363 364
364 365
365 366
366 367
367 368
368 369
369 370
370 371
371 372
372 373
373 352
374 375
375 376
376 377
377 378
378 379
379 380
380 381
381 382
382 383
383 384
384 385
385 386
386 387
387 388
388 389
389 390
390 391
391 392
392 393
393 394
394 395
395 374
396 397
397 398
398 399
399 400
400 401
401 402
402 403
403 404
404 405
405 406
406 407
407 408
408 409
409 410
410 411
411 412
412 413
413 414
414 415
415 416
416 417
417 396
418 419
419 420
420 421
421 422
422 423
423 424
424 425
425 426
426 427
427 428
428 429
429 430
430 431
431 432
432 433
433 434
434 435
435 436
436 437
437 438
438 439
439 418
440 441
441 442
442 443
443 444
444 445
445 446
446 447
447 448
448 449
449 450
450 451
451 452
452 453
453 454
454 455
455 456
456 457
457 458
458 459
459 460
460 461
461 440
462 463
463 464
464 465
465 466
466 467
467 468
468 469
469 470
470 471
471 472
472 473
473 474
474 475
475 476
476 477
477 478
478 479
479 480
480 481
481 482
482 483
483 462
484 485
485 486
486 487
487 488
488 489
489 490
490 491
491 492
492 493
493 494
494 495
495 496
496 497
497 498
498 499
499 500
500 501
501 502
502 503
503 504
504 505
505 484
506 507
507 508
508 509
509 510
510 511
511 512
512 513
513 514
514 515
515 516
516 517
517 518
518 519
519 520
520 521
521 522
522 523
523 524
524 525
525 526
526 527
527 506
528 529
529 530
530 531
531 532
532 533
533 534
534 535
535 536
536 537
537 538
538 539
539 540
540 541
541 542
542 543
543 544
544 545
545 546
546 547
547 548
548 549
549 528
550 551
551 552
552 553
553 554
554 555
555 556
556 557
557 558
558 559
559 560
560 561
561 562
562 563
563 564
564 565
565 566
566 567
567 568
568 569
569 570
570 571
571 550
572 573
573 574
574 575
575 576
576 577
577 578
578 579
579 580
580 581
581 582
582 583
583 584
584 585
585 586
586 587
587 588
588 589
589 590
590 591
591 592
592 593
593 572
594 595
595 596
596 597
597 598
598 599
599 600
600 601
601 602
602 603
603 604
604 605
605 606
606 607
607 608
608 609
609 610
610 611
611 612
612 613
613 614
614 615
615 594
616 617
617 618
618 619
619 620
620 621
621 622
622 623
623 624
624 625
625 626
626 627
627 628
628 629
629 630
630 631
631 632
632 633
633 634
634 635
635 636
636 637
637 616
638 639
639 640
640 641
641 642
642 643
643 644
644 645
645 646
646 647
647 648
648 649
649 650
650 651
651 652
652 653
653 654
654 655
655 656
656 657
657 658
658 659
659 638
660 661
661 662
662 663
663 664
664 665
665 666
666 667
667 668
668 669
669 670
670 671
671 672
672 673
673 674
674 675
675 676
676 677
677 678
678 679
679 680
680 681
681 660
682 683
683 684
684 685
685 686
686 687
687 688
688 689
689 690
690 691
691 692
692 693
693 694
694 695
695 696
696 697
697 698
698 699
699 700
700 701
701 702
702 703
703 682
704 705
705 706
706 707
707 708
708 709
709 710
710 711
711 712
712 713
713 714
714 715
715 716
716 717
717 718
718 719
719 720
720 721
721 722
722 723
723 724
724 725
725 704
726 727
727 728
728 729
729 730
730 731
731 732
732 733
733 734
734 735
735 736
736 737
737 738
738 739
739 740
740 741
741 742
742 743
743 744
744 745
745 746
746 747
747 726
748 749
749 750
750 751
751 752
752 753
753 754
754 755
755 756
756 757
757 758
758 759
759 760
760 761
761 762
762 763
763 764
764 765
765 766
766 767
767 768
768 769
769 748
770 771
771 772
772 773
773 774
774 775
775 776
776 777
777 778
778 779
779 780
780 781
781 782
782 783
783 784
784 785
785 786
786 787
787 788
788 789
789 790
790 791
791 770
792 793
793 794
794 795
795 796
796 797
797 798
798 799
799 800
800 801
801 802
802 803
803 804
804 805
805 806
806 807
807 808
808 809
809 810
810 811
811 812
812 813
813 792
814 815
815 816
816 817
817 818
818 819
819 820
820 821
821 822
822 823
823 824
824 825
825 826
826 827
827 828
828 829
829 830
830 831
831 832
832 833
833 834
834 835
835 814
836 837
837 838
838 839
839 840
840 841
841 842
842 843
843 844
844 845
845 846
846 847
847 848
848 849
849 850
850 851
851 852
852 853
853 854
854 855
855 856
856 857
857 836
858 859
859 860
860 861
861 862
862 863
863 864
864 865
865 866
866 867
867 868
868 869
869 870
870 871
871 872
872 873
873 874
874 875
875 876
876 877
877 878
878 879
879 858
880 881
881 882
882 883
883 884
884 885
885 886
886 887
887 888
888 889
889 890
890 891
891 892
892 893
893 894
894 895
895 896
896 897
897 898
898 899
899 900
900 901
901 880
902 903
903 904
904 905
905 906
906 907
907 908
908 909
909 910
910 911
911 912
912 913
913 914
914 915
915 916
916 917
917 918
918 919
919 920
920 921
921 922
922 923
923 902
924 925
925 926
926 927
927 928
928 929
929 930
930 931
931 932
932 933
933 934
934 935
935 936
936 937
937 938
938 939
939 940
940 941
941 942
942 943
943 944
944 945
945 924
946 947
947 948
948 949
949 950
950 951
951 952
952 953
953 954
954 955
955 956
956 957
957 958
958 959
959 960
960 961
961 962
962 963
963 964
964 965
965 966
966 967
967 946
968 969
969 970
970 971
971 972
972 973
973 974
974 975
975 976
976 977
977 978
978 979
979 980
980 981
981 982
982 983
983 984
984 985
985 986
986 987
987 988
988 989
989 968
990 991
991 992
992 993
993 994
994 995
995 996
996 997
997 998
998 999
999 1000
1000 1001
1001 1002
1002 1003
1003 1004
1004 1005
1005 1006
1006 1007
1007 1008
1008 1009
1009 1010
1010 1011
1011 990
1012 1013
1013 1014
1014 1015
1015 1016
1016 1017
1017 1018
1018 1019
1019 1020
1020 1021
1021 1022
1022 1023
1023 1024
1024 1025
1025 1026
1026 1027
1027 1028
1028 1029
1029 1030
1030 1031
1031 1032
1032 1033
1033 1012
1034 1035
1035 1036
1036 1037
1037 1038
1038 1039
1039 1040
1040 1041
1041 1042
1042 1043
1043 1044
1044 1045
1045 1046
1046 1047
1047 1048
1048 1049
1049 1050
1050 1051
1051 1052
1052 1053
1053 1054
1054 1055
1055 1034
1056 1057
1057 1058
1058 1059
1059 1060
1060 1061
1061 1062
1062 1063
1063 1064
1064 1065
1065 1066
1066 1067
1067 1068
1068 1069
1069 1070
1070 1071
1071 1072
1072 1073
1073 1074
1074 1075
1075 1076
1076 1077
1077 1056
1078 1079
1079 1080
1080 1081
1081 1082
1082 1083
1083 1084
1084 1085
1085 1086
1086 1087
1087 1088
1088 1089
1089 1090
1090 1091
1091 1092
1092 1093
1093 1094
1094 1095
1095 1096
1096 1097
1097 1098
1098 1099
1099 1078
1100 1101
1101 1102
1102 1103
1103 1104
1104 1105
1105 1106
1106 1107
1107 1108
1108 1109
1109 1110
1110 1111
1111 1112
1112 1113
1113 1114
1114 1115
1115 1116
1116 1117
1117 1118
1118 1119
1119 1120
1120 1121
1121 1100
1122 1123
1123 1124
1124 1125
1125 1126
1126 1127
1127 1128
1128 1129
1129 1130
1130 1131
1131 1132
1132 1133
1133 1134
1134 1135
1135 1136
1136 1137
1137 1138
1138 1139
1139 1140
1140 1141
1141 1142
1142 1143
1143 1122
1144 1145
1145 1146
1146 1147
1147 1148
1148 1149
1149 1150
1150 1151
1151 1152
1152 1153
1153 1154
1154 1155
1155 1156
1156 1157
1157 1158
1158 1159
1159 1160
1160 1161
1161 1162
1162 1163
1163 1164
1164 1165
1165 1144
1166 1167
1167 1168
1168 1169
1169 1170
1170 1171
1171 1172
1172 1173
1173 1174
1174 1175
1175 1176
1176 1177
1177 1178
1178 1179
1179 1180
1180 1181
1181 1182
1182 1183
1183 1184
1184 1185
1185 1186
1186 1187
1187 1166
1188 1189
1189 1190
1190 1191
1191 1192
1192 1193
1193 1194
1194 1195
1195 1196
1196 1197
1197 1198
1198 1199
1199 1200
1200 1201
1201 1202
1202 1203
1203 1204
1204 1205
1205 1206
1206 1207
1207 1208
1208 1209
1209 1188
1210 1211
1211 1212
1212 1213
1213 1214
1214 1215
1215 1216
1216 1217
1217 1218
1218 1219
1219 1220
1220 1221
1221 1222
1222 1223
1223 1224
1224 1225
1225 1226
1226 1227
1227 1228
1228 1229
1229 1230
1230 1231
1231 1210
1232 1233
1233 1234
1234 1235
1235 1236
1236 1237
1237 1238
1238 1239
1239 1240
1240 1241
1241 1242
1242 1243
1243 1244
1244 1245
1245 1246
1246 1247
1247 1248
1248 1249
1249 1250
1250 1251
1251 1252
1252 1253
1253 1232
1254 1255
1255 1256
1256 1257
1257 1258
1258 1259
1259 1260
1260 1261
1261 1262
1262 1263
1263 1264
1264 1265
1265 1266
1266 1267
1267 1268
1268 1269
1269 1270
1270 1271
1271 1272
1272 1273
1273 1274
1274 1275
1275 1254
1276 1277
1277 1278
1278 1279
1279 1280
1280 1281
1281 1282
1282 1283
1283 1284
1284 1285
1285 1286
1286 1287
1287 1288
1288 1289
1289 1290
1290 1291
1291 1292
1292 1293
1293 1294
1294 1295
1295 1296
1296 1297
1297 1276
1298 1299
1299 1300
1300 1301
1301 1302
1302 1303
1303 1304
1304 1305
1305 1306
1306 1307
1307 1308
1308 1309
1309 1310
1310 1311
1311 1312
1312 1313
1313 1314
1314 1315
1315 1316
1316 1317
1317 1318
1318 1319
1319 1298
1320 1321
1321 1322
1322 1323
1323 1324
1324 1325
1325 1326
1326 1327
1327 1328
1328 1329
1329 1330
1330 1331
1331 1332
1332 1333
1333 1334
1334 1335
1335 1336
1336 1337
1337 1338
1338 1339
1339 1340
1340 1341
1341 1320
1342 1343
1343 1344
1344 1345
1345 1346
1346 1347
1347 1348
1348 1349
1349 1350
1350 1351
1351 1352
1352 1353
1353 1354
1354 1355
1355 1356
1356 1357
1357 1358
1358 1359
1359 1360
1360 1361
1361 1362
1362 1363
1363 1342
1364 1365
1365 1366
1366 1367
1367 1368
1368 1369
1369 1370
1370 1371
1371 1372
1372 1373
1373 1374
1374 1375
1375 1376
1376 1377
1377 1378
1378 1379
1379 1380
1380 1381
1381 1382
1382 1383
1383 1384
1384 1385
1385 1364
1386 1387
1387 1388
1388 1389
1389 1390
1390 1391
1391 1392
1392 1393
1393 1394
1394 1395
1395 1396
1396 1397
1397 1398
1398 1399
1399 1400
1400 1401
1401 1402
1402 1403
1403 1404
1404 1405
1405 1406
1406 1407
1407 1386
1408 1409
1409 1410
1410 1411
1411 1412
1412 1413
1413 1414
1414 1415
1415 1416
1416 1417
1417 1418
1418 1419
1419 1420
1420 1421
1421 1422
1422 1423
1423 1424
1424 1425
1425 1426
1426 1427
1427 1428
1428 1429
1429 1408
1430 1431
1431 1432
1432 1433
1433 1434
1434 1435
1435 1436
1436 1437
1437 1438
1438 1439
1439 1440
1440 1441
1441 1442
1442 1443
1443 1444
1444 1445
1445 1446
1446 1447
1447 1448
1448 1449
1449 1450
1450 1451
1451 1430
1452 1453
1453 1454
1454 1455
1455 1456
1456 1457
1457 1458
1458 1459
1459 1460
1460 1461
1461 1462
1462 1463
1463 1464
1464 1465
1465 1466
1466 1467
1467 1468
1468 1469
1469 1470
1470 1471
1471 1472
1472 1473
1473 1452
1474 1475
1475 1476
1476 1477
1477 1478
1478 1479
1479 1480
1480 1481
1481 1482
1482 1483
1483 1484
1484 1485
1485 1486
1486 1487
1487 1488
1488 1489
1489 1490
1490 1491
1491 1492
1492 1493
1493 1494
1494 1495
1495 1474
1496 1497
1497 1498
1498 1499
1499 1500
1500 1501
1501 1502
1502 1503
1503 1504
1504 1505
1505 1506
1506 1507
1507 1508
1508 1509
1509 1510
1510 1511
1511 1512
1512 1513
1513 1514
1514 1515
1515 1516
1516 1517
1517 1496
1518 1519
1519 1520
1520 1521
1521 1522
1522 1523
1523 1524
1524 1525
1525 1526
1526 1527
1527 1528
1528 1529
1529 1530
1530 1531
1531 1532
1532 1533
1533 1534
1534 1535
1535 1536
1536 1537
1537 1538
1538 1539
1539 1518
1540 1541
1541 1542
1542 1543
1543 1544
1544 1545
1545 1546
1546 1547
1547 1548
1548 1549
1549 1550
1550 1551
1551 1552
1552 1553
1553 1554
1554 1555
1555 1556
1556 1557
1557 1558
1558 1559
1559 1560
1560 1561
1561 1540
1562 1563
1563 1564
1564 1565
1565 1566
1566 1567
1567 1568
1568 1569
1569 1570
1570 1571
1571 1572
1572 1573
1573 1574
1574 1575
1575 1576
1576 1577
1577 1578
1578 1579
1579 1580
1580 1581
1581 1582
1582 1583
1583 1562
0 22
1 23
2 24
3 25
4 26
5 27
6 28
7 29
8 30
9 31
10 32
11 33
12 34
13 35
14 36
15 37
16 38
17 39
18 40
19 41
20 42
21 43
22 44
23 45
24 46
25 47
26 48
27 49
28 50
29 51
30 52
31 53
32 54
33 55
34 56
35 57
36 58
37 59
38 60
39 61
40 62
41 63
42 64
43 65
44 66
45 67
46 68
47 69
48 70
49 71
50 72
51 73
52 74
53 75
54 76
55 77
56 78
57 79
58 80
59 81
60 82
61 83
62 84
63 85
64 86
65 87
66 88
67 89
68 90
69 91
70 92
71 93
72 94
73 95
74 96
75 97
76 98
77 99
78 100
79 101
80 102
81 103
82 104
83 105
84 106
85 107
86 108
87 109
88 110
89 111
90 112
91 113
92 114
93 115
94 116
95 117
96 118
97 119
98 120
99 121
100 122
101 123
102 124
103 125
104 126
105 127
106 128
107 129
108 130
109 131
110 132
111 133
112 134
113 135
114 136
115 137
116 138
117 139
118 140
119 141
120 142
121 143
122 144
123 145
124 146
125 147
126 148
127 149
128 150
129 151
130 152
131 153
132 154
133 155
134 156
135 157
136 158
137 159
138 160
139 161
140 162
141 163
142 164
143 165
144 166
145 167
146 168
147 169
148 170
149 171
150 172
151 173
152 174
153 175
154 176
155 177
156 178
157 179
158 180
159 181
160 182
161 183
162 184
163 185
164 186
165 187
166 188
167 189
168 190
169 191
170 192
171 193
172 194
173 195
174 196
175 197
176 198
177 199
178 200
179 201
180 202
181 203
182 204
183 205
184 206
185 207
186 208
187 209
188 210
189 211
190 212
191 213
192 214
193 215
194 216
195 217
196 218
197 219
198 220
199 221
200 222
201 223
202 224
203 225
204 226
205 227
206 228
207 229
208 230
209 231
210 232
211 233
212 234
213 235
214 236
215 237
216 238
217 239
218 240
219 241
220 242
221 243
222 244
223 245
224 246
225 247
226 248
227 249
228 250
229 251
230 252
231 253
232 254
233 255
234 256
235 257
236 258
237 259
238 260
239 261
240 262
241 263
242 264
243 265
244 266
245 267
246 268
247 269
248 270
249 271
250 272
251 273
252 274
253 275
254 276
255 277
256 278
257 279
258 280
259 281
260 282
261 283
262 284
263 285
264 286
265 287
266 288
267 289
268 290
269 291
270 292
271 293
272 294
273 295
274 296
275 297
276 298
277 299
278 300
279 301
280 302
281 303
282 304
283 305
284 306
285 307
286 308
287 309
288 310
289 311
290 312
291 313
292 314
293 315
294 316
295 317
296 318
297 319
298 320
299 321
300 322
301 323
302 324
303 325
304 326
305 327
306 328
307 329
308 330
309 331
310 332
311 333
312 334
313 335
314 336
315 337
316 338
317 339
318 340
319 341
320 342
321 343
322 344
323 345
324 346
325 347
326 348
327 349
328 350
329 351
330 352
331 353
332 354
333 355
334 356
335 357
336 358
337 359
338 360
339 361
340 362
341 363
342 364
343 365
344 366
345 367
346 368
347 369
348 370
349 371
350 372
351 373
352 374
353 375
354 376
355 377
356 378
357 379
358 380
359 381
360 382
361 383
362 384
363 385
364 386
365 387
366 388
367 389
368 390
369 391
370 392
371 393
372 394
373 395
374 396
375 397
376 398
377 399
378 400
379 401
380 402
381 403
382 404
383 405
384 406
385 407
386 408
387 409
388 410
389 411
390 412
391 413
392 414
393 415
394 416
395 417
396 418
397 419
398 420
399 421
400 422
401 423
402 424
403 425
404 426
405 427
406 428
407 429
408 430
409 431
410 432
411 433
412 434
413 435
414 436
415 437
416 438
417 439
418 440
419 441
420 442
421 443
422 444
423 445
424 446
425 447
426 448
427 449
428 450
429 451
430 452
431 453
432 454
433 455
434 456
435 457
436 458
437 459
438 460
439 461
440 462
441 463
442 464
443 465
444 466
445 467
446 468
447 469
448 470
449 471
450 472
451 473
452 474
453 475
454 476
455 477
456 478
457 479
458 480
459 481
460 482
461 483
462 484
463 485
464 486
465 487
466 488
467 489
468 490
469 491
470 492
471 493
472 494
473 495
474 496
475 497
476 498
477 499
478 500
479 501
480 502
481 503
482 504
483 505
484 506
485 507
486 508
487 509
488 510
489 511
490 512
491 513
492 514
493 515
494 516
495 517
496 518
497 519
498 520
499 521
500 522
501 523
502 524
503 525
504 526
505 527
506 528
507 529
508 530
509 531
510 532
511 533
512 534
513 535
514 536
515 537
516 538
517 539
518 540
519 541
520 542
521 543
522 544
523 545
524 546
525 547
526 548
527 549
528 550
529 551
530 552
531 553
532 554
533 555
534 556
535 557
536 558
537 559
538 560
539 561
540 562
541 563
542 564
543 565
544 566
545 567
546 568
547 569
548 570
549 571
550 572
551 573
552 574
553 575
554 576
555 577
556 578
557 579
558 580
559 581
560 582
561 583
562 584
563 585
564 586
565 587
566 588
567 589
568 590
569 591
570 592
571 593
572 594
573 595
574 596
575 597
576 598
577 599
578 600
579 601
580 602
581 603
582 604
583 605
584 606
585 607
586 608
587 609
588 610
589 611
590 612
591 613
592 614
593 615
594 616
595 617
596 618
597 619
598 620
599 621
600 622
601 623
602 624
603 625
604 626
605 627
606 628
607 629
608 630
609 631
610 632
611 633
612 634
613 635
614 636
615 637
616 638
617 639
618 640
619 641
620 642
621 643
622 644
623 645
624 646
625 647
626 648
627 649
628 650
629 651
630 652
631 653
632 654
633 655
634 656
635 657
636 658
637 659
638 660
639 661
640 662
641 663
642 664
643 665
644 666
645 667
646 668
647 669
648 670
649 671
650 672
651 673
652 674
653 675
654 676
655 677
656 678
657 679
658 680
659 681
660 682
661 683
662 684
663 685
664 686
665 687
666 688
667 689
668 690
669 691
670 692
671 693
672 694
673 695
674 696
675 697
676 698
677 699
678 700
679 701
680 702
681 703
682 704
683 705
684 706
685 707
686 708
687 709
688 710
689 711
690 712
691 713
692 714
693 715
694 716
695 717
696 718
697 719
698 720
699 721
700 722
701 723
702 724
703 725
704 726
705 727
706 728
707 729
708 730
709 731
710 732
711 733
712 734
713 735
714 736
715 737
716 738
717 739
718 740
719 741
720 742
721 743
722 744
723 745
724 746
725 747
726 748
727 749
728 750
729 751
730 752
731 753
732 754
733 755
734 756
735 757
736 758
737 759
738 760
739 761
740 762
741 763
742 764
743 765
744 766
745 767
746 768
747 769
748 770
749 771
750 772
751 773
752 774
753 775
754 776
755 777
756 778
757 779
758 780
759 781
760 782
761 783
762 784
763 785
764 786
765 787
766 788
767 789
768 790
769 791
770 792
771 793
772 794
773 795
774 796
775 797
776 798
777 799
778 800
779 801
780 802
781 803
782 804
783 805
784 806
785 807
786 808
787 809
788 810
789 811
790 812
791 813
792 814
793 815
794 816
795 817
796 818
797 819
798 820
799 821
800 822
801 823
802 824
803 825
804 826
805 827
806 828
807 829
808 830
809 831
810 832
811 833
812 834
813 835
814 836
815 837
816 838
817 839
818 840
819 841
820 842
821 843
822 844
823 845
824 846
825 847
826 848
827 849
828 850
829 851
830 852
831 853
832 854
833 855
834 856
835 857
836 858
837 859
838 860
839 861
840 862
841 863
842 864
843 865
844 866
845 867
846 868
847 869
848 870
849 871
850 872
851 873
852 874
853 875
854 876
855 877
856 878
857 879
858 880
859 881
860 882
861 883
862 884
863 885
864 886
865 887
866 888
867 889
868 890
869 891
870 892
871 893
872 894
873 895
874 896
875 897
876 898
877 899
878 900
879 901
880 902
881 903
882 904
883 905
884 906
885 907
886 908
887 909
888 910
889 911
890 912
891 913
892 914
893 915
894 916
895 917
896 918
897 919
898 920
899 921
900 922
901 923
902 924
903 925
904 926
905 927
906 928
907 929
908 930
909 931
910 932
911 933
912 934
913 935
914 936
915 937
916 938
917 939
918 940
919 941
920 942
921 943
922 944
923 945
924 946
925 947
926 948
927 949
928 950
929 951
930 952
931 953
932 954
933 955
934 956
935 957
936 958
937 959
938 960
939 961
940 962
941 963
942 964
943 965
944 966
945 967
946 968
947 969
948 970
949 971
950 972
951 973
952 974
953 975
954 976
955 977
956 978
957 979
958 980
959 981
960 982
961 983
962 984
963 985
964 986
965 987
966 988
967 989
968 990
969 991
970 992
971 993
972 994
973 995
974 996
975 997
976 998
977 999
978 1000
979 1001
980 1002
981 1003
982 1004
983 1005
984 1006
985 1007
986 1008
987 1009
988 1010
989 1011
990 1012
991 1013
992 1014
993 1015
994 1016
995 1017
996 1018
997 1019
998 1020
999 1021
1000 1022
1001 1023
1002 1024
1003 1025
1004 1026
1005 1027
1006 1028
1007 1029
1008 1030
1009 1031
1010 1032
1011 1033
1012 1034
1013 1035
1014 1036
1015 1037
1016 1038
1017 1039
1018 1040
1019 1041
1020 1042
1021 1043
1022 1044
1023 1045
1024 1046
1025 1047
1026 1048
1027 1049
1028 1050
1029 1051
1030 1052
1031 1053
1032 1054
1033 1055
1034 1056
1035 1057
1036 1058
1037 1059
1038 1060
1039 1061
1040 1062
1041 1063
1042 1064
1043 1065
1044 1066
1045 1067
1046 1068
1047 1069
1048 1070
1049 1071
1050 1072
1051 1073
1052 1074
1053 1075
1054 1076
1055 1077
1056 1078
1057 1079
1058 1080
1059 1081
1060 1082
1061 1083
1062 1084
1063 1085
1064 1086
1065 1087
1066 1088
1067 1089
1068 1090
1069 1091
1070 1092
1071 1093
1072 1094
1073 1095
1074 1096
1075 1097
1076 1098
1077 1099
1078 1100
1079 1101
1080 1102
1081 1103
1082 1104
1083 1105
1084 1106
1085 1107
1086 1108
1087 1109
1088 1110
1089 1111
1090 1112
1091 1113
1092 1114
1093 1115
1094 1116
1095 1117
1096 1118
1097 1119
1098 1120
1099 1121
1100 1122
1101 1123
1102 1124
1103 1125
1104 1126
1105 1127
1106 1128
1107 1129
1108 1130
1109 1131
1110 1132
1111 1133
1112 1134
1113 1135
1114 1136
1115 1137
1116 1138
1117 1139
1118 1140
1119 1141
1120 1142
1121 1143
1122 1144
1123 1145
1124 1146
1125 1147
1126 1148
1127 1149
1128 1150
1129 1151
1130 1152
1131 1153
1132 1154
1133 1155
1134 1156
1135 1157
1136 1158
1137 1159
1138 1160
1139 1161
1140 1162
1141 1163
1142 1164
1143 1165
1144 1166
1145 1167
1146 1168
1147 1169
1148 1170
1149 1171
1150 1172
1151 1173
1152 1174
1153 1175
1154 1176
1155 1177
1156 1178
1157 1179
1158 1180
1159 1181
1160 1182
1161 1183
1162 1184
1163 1185
1164 1186
1165 1187
1166 1188
1167 1189
1168 1190
1169 1191
1170 1192
1171 1193
1172 1194
1173 1195
1174 1196
1175 1197
1176 1198
1177 1199
1178 1200
1179 1201
1180 1202
1181 1203
1182 1204
1183 1205
1184 1206
1185 1207
1186 1208
1187 1209
1188 1210
1189 1211
1190 1212
1191 1213
1192 1214
1193 1215
1194 1216
1195 1217
1196 1218
1197 1219
1198 1220
1199 1221
1200 1222
1201 1223
1202 1224
1203 1225
1204 1226
1205 1227
1206 1228
1207 1229
1208 1230
1209 1231
1210 1232
1211 1233
1212 1234
1213 1235
1214 1236
1215 1237
1216 1238
1217 1239
1218 1240
1219 1241
1220 1242
1221 1243
1222 1244
1223 1245
1224 1246
1225 1247
1226 1248
1227 1249
1228 1250
1229 1251
1230 1252
1231 1253
1232 1254
1233 1255
1234 1256
1235 1257
1236 1258
1237 1259
1238 1260
1239 1261
1240 1262
1241 1263
1242 1264
1243 1265
1244 1266
1245 1267
1246 1268
1247 1269
1248 1270
1249 1271
1250 1272
1251 1273
1252 1274
1253 1275
1254 1276
1255 1277
1256 1278
1257 1279
1258 1280
1259 1281
1260 1282
1261 1283
1262 1284
1263 1285
1264 1286
1265 1287
1266 1288
1267 1289
1268 1290
1269 1291
1270 1292
1271 1293
1272 1294
1273 1295
1274 1296
1275 1297
1276 1298
1277 1299
1278 1300
1279 1301
1280 1302
1281 1303
1282 1304
1283 1305
1284 1306
1285 1307
1286 1308
1287 1309
1288 1310
1289 1311
1290 1312
1291 1313
1292 1314
1293 1315
1294 1316
1295 1317
1296 1318
1297 1319
1298 1320
1299 1321
1300 1322
1301 1323
1302 1324
1303 1325
1304 1326
1305 1327
1306 1328
1307 1329
1308 1330
1309 1331
1310 1332
1311 1333
1312 1334
1313 1335
1314 1336
1315 1337
1316 1338
1317 1339
1318 1340
1319 1341
1320 1342
1321 1343
1322 1344
1323 1345
1324 1346
1325 1347
1326 1348
1327 1349
1328 1350
1329 1351
1330 1352
1331 1353
1332 1354
1333 1355
1334 1356
1335 1357
1336 1358
1337 1359
1338 1360
1339 1361
1340 1362
1341 1363
1342 1364
1343 1365
1344 1366
1345 1367
1346 1368
1347 1369
1348 1370
1349 1371
1350 1372
1351 1373
1352 1374
1353 1375
1354 1376
1355 1377
1356 1378
1357 1379
1358 1380
1359 1381
1360 1382
1361 1383
1362 1384
1363 1385
1364 1386
1365 1387
1366 1388
1367 1389
1368 1390
1369 1391
1370 1392
1371 1393
1372 1394
1373 1395
1374 1396
1375 1397
1376 1398
1377 1399
1378 1400
1379 1401
1380 1402
1381 1403
1382 1404
1383 1405
1384 1406
1385 1407
1386 1408
1387 1409
1388 1410
1389 1411
1390 1412
1391 1413
1392 1414
1393 1415
1394 1416
1395 1417
1396 1418
1397 1419
1398 1420
1399 1421
1400 1422
1401 1423
1402 1424
1403 1425
1404 1426
1405 1427
1406 1428
1407 1429
1408 1430
1409 1431
1410 1432
1411 1433
1412 1434
1413 1435
1414 1436
1415 1437
1416 1438
1417 1439
1418 1440
1419 1441
1420 1442
1421 1443
1422 1444
1423 1445
1424 1446
1425 1447
1426 1448
1427 1449
1428 1450
1429 1451
1430 1452
1431 1453
1432 1454
1433 1455
1434 1456
1435 1457
1436 1458
1437 1459
1438 1460
1439 1461
1440 1462
1441 1463
1442 1464
1443 1465
1444 1466
1445 1467
1446 1468
1447 1469
1448 1470
1449 1471
1450 1472
1451 1473
1452 1474
1453 1475
1454 1476
1455 1477
1456 1478
1457 1479
1458 1480
1459 1481
1460 1482
1461 1483
1462 1484
1463 1485
1464 1486
1465 1487
1466 1488
1467 1489
1468 1490
1469 1491
1470 1492
1471 1493
1472 1494
1473 1495
1474 1496
1475 1497
1476 1498
1477 1499
1478 1500
1479 1501
1480 1502
1481 1503
1482 1504
1483 1505
1484 1506
1485 1507
1486 1508
1487 1509
1488 1510
1489 1511
1490 1512
1491 1513
1492 1514
1493 1515
1494 1516
1495 1517
1496 1518
1497 1519
1498 1520
1499 1521
1500 1522
1501 1523
1502 1524
1503 1525
1504 1526
1505 1527
1506 1528
1507 1529
1508 1530
1509 1531
1510 1532
1511 1533
1512 1534
1513 1535
1514 1536
1515 1537
1516 1538
1517 1539
1518 1540
1519 1541
1520 1542
1521 1543
1522 1544
1523 1545
1524 1546
1525 1547
1526 1548
1527 1549
1528 1550
1529 1551
1530 1552
1531 1553
1532 1554
1533 1555
1534 1556
1535 1557
1536 1558
1537 1559
1538 1560
1539 1561
1540 1562
1541 1563
1542 1564
1543 1565
1544 1566
1545 1567
1546 1568
1547 1569
1548 1570
1549 1571
1550 1572
1551 1573
1552 1574
1553 1575
1554 1576
1555 1577
1556 1578
1557 1579
1558 1580
1559 1581
1560 1582
1561 1583
1562 11
1563 12
1564 13
1565 14
1566 15
1567 16
1568 17
1569 18
1570 19
1571 20
1572 21
1573 0
1574 1
1575 2
1576 3
1577 4
1578 5
1579 6
1580 7
1581 8
1582 9
1583 10
