0,Tokyo,35.689500,139.691710,0.000000,-3954843.592378,3354935.154958,3700263.820217
1,Delhi,28.666670,77.216670,0.000000,1239227.233093,5461834.040626,3041536.573362
2,Shanghai,31.222220,121.458060,0.000000,-2849046.996683,4656870.262308,3286986.751947
3,São-Paulo,-23.547500,-46.636110,0.000000,4016884.413346,-4253102.280352,-2532418.944537
4,Mumbai-(Bombay),19.073975,72.880838,0.000000,1775024.409639,5762948.394748,2071089.571952
5,Ciudad-de-México-(Mexico-City),19.427318,-99.141869,0.000000,-956013.259084,-5940788.312317,2108015.826874
6,Beijing,39.907500,116.397230,0.000000,-2178189.628682,4388467.259356,4070111.420547
7,Kinki-M.M.A.-(Osaka),34.675834,135.553823,0.000000,-3748711.554631,3676932.782387,3608349.262864
8,Al-Qahirah-(Cairo),30.039173,31.239411,0.000000,4724843.145927,2865910.587720,3174132.831160
9,New-York-Newark,40.717042,-74.003663,0.000000,1334103.172127,-4653693.528901,4138656.197504
10,Dhaka,23.710400,90.407440,0.000000,-41549.625564,5842769.626778,2548947.975045
11,Karachi,24.905600,67.082200,0.000000,2254070.750009,5331511.452239,2669592.977412
12,Buenos-Aires,-34.605083,-58.400368,0.000000,2753742.582969,-4476209.103195,-3601891.870081
13,Kolkata-(Calcutta),22.533455,88.356045,0.000000,169092.840058,5891674.215633,2429078.655825
14,Istanbul,41.013800,28.949700,0.000000,4217352.684891,2332879.103760,4163578.605821
15,Chongqing,29.562780,106.552780,0.000000,-1581849.527589,5322225.908964,3128308.696599
16,Lagos,6.453060,3.395830,0.000000,6326864.177950,375422.898833,712064.787620
17,Manila,14.604200,120.982200,0.000000,-3177879.424386,5292603.275242,1597759.166873
18,Rio-de-Janeiro,-22.902780,-43.207500,0.000000,4284573.241489,-4024537.642061,-2466804.550393
19,Guangzhou--Guangdong,23.125457,113.257374,0.000000,-2317313.016439,5391778.733951,2489501.977608
20,Los-Angeles-Long-Beach-Santa-Ana,34.031656,-118.241716,0.000000,-2503798.769560,-4661412.425279,3549356.151964
21,Moskva-(Moscow),55.754996,37.621849,0.000000,2849364.249488,2196037.348543,5249138.475472
22,Kinshasa,-4.327580,15.313570,0.000000,6134256.671861,1679704.404461,-478073.165313
23,Tianjin,39.108842,117.188620,0.000000,-2264370.447528,4408141.730657,4001699.197281
24,Paris,48.853410,2.348800,0.000000,4201190.555426,172321.379909,4779846.644084
25,Shenzhen,22.541487,114.063427,0.000000,-2403166.789304,5381560.015595,2429900.172276
26,Jakarta,-6.211831,106.841646,0.000000,-1837143.664996,6068967.145506,-685550.598173
27,London,51.508530,-0.125740,0.000000,3977894.865463,-8729.810601,4968951.845089
28,Bangalore,12.971940,77.593690,0.000000,1335552.388629,6071252.439084,1422379.953394
29,Lima,-12.043180,-77.028240,0.000000,1400398.086889,-6079459.809817,-1322074.118986
30,Chennai-(Madras),13.053091,80.248750,0.000000,1052537.955389,6124609.513043,1431127.192297
31,Seoul,37.568260,126.977830,0.000000,-3044695.344273,4043701.687491,3867570.794742
32,Bogotá,4.609710,-74.081750,0.000000,1743681.827647,-6113850.813796,509176.510048
33,Chukyo-M.M.A.-(Nagoya),35.181470,136.906410,0.000000,-3811007.345744,3565477.965448,3654339.372135
34,Johannesburg,-26.202270,28.043630,0.000000,5054116.749558,2692260.259376,-2799185.281365
35,Krung-Thep-(Bangkok),13.721964,100.525248,0.000000,-1132045.841289,6092987.288584,1503115.898128
36,Hyderabad,17.375280,78.474440,0.000000,1216595.812180,5966134.892947,1892510.821705
37,Chicago,41.850030,-87.650050,0.000000,195096.855909,-4754125.753385,4233209.250228
38,Lahore,31.549722,74.343611,0.000000,1468173.614710,5238496.839736,3317985.617423
39,Tehran,35.694390,51.421510,0.000000,3233827.521754,4054066.363541,3700704.469968
40,Wuhan,30.583330,114.266670,0.000000,-2258619.529224,5010056.414002,3226210.113082
41,Chengdu,30.666670,104.066670,0.000000,-1334574.922496,5326277.039903,3234160.733404
42,Dongguan,23.021160,113.741411,0.000000,-2364602.229386,5376153.416252,2478875.588813
43,Nanjing--Jiangsu,32.048183,118.789812,0.000000,-2606033.477898,4742354.568215,3364960.387916
44,Ahmadabad,23.033330,72.616670,0.000000,1754535.433764,5604443.080389,2480115.956839
45,Hong-Kong,22.279588,114.188697,0.000000,-2419457.493209,5386378.752779,2403088.912615
46,Thành-Pho-Ho-Chí-Minh-(Ho-Chi-Minh-City),10.750000,106.666670,0.000000,-1797376.449356,6003654.168380,1181849.053055
47,Foshan,23.022778,113.119953,0.000000,-2306124.379924,5401419.856562,2479040.501933
48,Kuala-Lumpur,3.141200,101.686530,0.000000,-1290008.255785,6236597.529036,347165.345400
49,Baghdad,33.340580,44.400880,0.000000,3810801.668705,3731927.368190,3485575.399997
50,Santiago,-33.456940,-70.648270,0.000000,1765090.062721,-5025755.180048,-3496349.820519
51,Hangzhou,30.293650,120.161420,0.000000,-2769390.549189,4765667.674845,3198522.407862
52,Ar-Riyadh-(Riyadh),24.690466,46.709566,0.000000,3975957.341095,4220595.030186,2647959.980346
53,Shenyang,41.792220,123.432780,0.000000,-2623888.534892,3974386.229069,4228424.169125
54,Madrid,40.416500,-3.702560,0.000000,4852700.063425,-314027.764315,4113303.836106
55,Xi'an--Shaanxi,34.289413,108.940242,0.000000,-1712246.267754,4989623.720437,3573014.886695
56,Toronto,43.700110,-79.416300,0.000000,848298.519234,-4539985.849087,4384061.168230
57,Miami,25.789097,-80.204044,0.000000,977713.397182,-5662739.769947,2758041.949627
58,Pune-(Poona),18.516057,73.861578,0.000000,1681654.422454,5811598.539917,2012627.060892
59,Belo-Horizonte,-19.920830,-43.937780,0.000000,4319717.312851,-4162446.455155,-2159458.309489
60,Dallas-Fort-Worth,32.725410,-97.320850,0.000000,-684402.314298,-5327213.827636,3428378.417526
61,Surat,21.166670,72.833330,0.000000,1756281.650351,5685335.007847,2288612.514428
62,Houston,29.760193,-95.369390,0.000000,-518553.538280,-5517182.475598,3147323.844701
63,Singapore,1.289670,103.850070,0.000000,-1526426.708911,6191135.431550,142592.490742
64,Philadelphia,39.952340,-75.163790,0.000000,1253680.828626,-4732878.313270,4073929.261226
65,Kitakyushu-Fukuoka-M.M.A.,33.606400,130.418100,0.000000,-3447685.930190,4048425.402416,3510168.245123
66,Luanda,-8.836820,13.234320,0.000000,6135530.183815,1442953.502786,-973332.344974
67,Suzhou--Jiangsu,31.302068,120.585259,0.000000,-2775442.218972,4695773.385067,3294554.366518
68,Haerbin,45.756325,126.646688,0.000000,-2660743.499399,3576601.748587,4546390.676410
69,Barcelona,41.388790,2.158990,0.000000,4788749.940967,180532.658215,4194912.663711
70,Atlanta,33.760000,-84.400000,0.000000,517979.453140,-5282763.124122,3524344.845288
71,Al-Khartum-(Khartoum),15.551770,32.532410,0.000000,5181700.582420,3305229.521059,1698996.465682
72,Dar-es-Salaam,-6.823490,39.269510,0.000000,4903063.006045,4008755.345169,-752755.591312
73,Sankt-Peterburg-(Saint-Petersburg),59.929858,30.326228,0.000000,2765465.818184,1617706.410247,5496564.164974
74,Washington--D.C.,38.895110,-77.036370,0.000000,1115077.326892,-4843956.912642,3983259.944079
75,Abidjan,5.345339,-4.026789,0.000000,6334905.313477,-445956.237759,590216.959218
76,Guadalajara,20.666670,-103.333330,0.000000,-1376819.862278,-5809261.295506,2236902.772145
77,Yangon,16.805280,96.156110,0.000000,-654949.605300,6072232.910912,1832214.567293
78,Al-Iskandariyah-(Alexandria),31.192471,29.904596,0.000000,4733877.074951,2722605.361746,3284165.670937
79,Ankara,39.919870,32.854270,0.000000,4114933.206347,2657413.259345,4071164.894156
80,Kabul,34.528887,69.172460,0.000000,1870306.243973,4916495.830781,3594931.444457
81,Qingdao,36.098610,120.371940,0.000000,-2608730.853367,4451467.508186,3737037.226323
82,Chittagong,22.333060,91.836390,0.000000,-189151.138617,5899536.941969,2408567.006775
83,Monterrey,25.666670,-100.316670,0.000000,-1030190.682169,-5659412.855777,2745823.571687
84,Sydney,-33.867850,151.207320,0.000000,-4646012.998371,2553394.354988,-3534283.972607
85,Dalian,38.913811,121.602322,0.000000,-2604036.495133,4232416.568615,3984875.526585
86,Xiamen,24.479790,118.081870,0.000000,-2734075.677782,5124370.659385,2626739.638606
87,Zhengzhou,34.757780,113.648610,0.000000,-2104225.085559,4805264.241445,3615821.616573
88,Boston,42.347919,-71.064530,0.000000,1531995.558536,-4465570.029459,4274243.351971
89,Melbourne,-37.814000,144.963320,0.000000,-4130860.083993,2896402.244316,-3889153.848915
90,Brasília,-15.779720,-47.929720,0.000000,4113580.306742,-4557339.526311,-1723283.333407
91,Jiddah,21.516940,39.219170,0.000000,4599055.954142,3753461.491312,2324735.400544
92,Phoenix-Mesa,33.449454,-112.074743,0.000000,-2002030.901802,-4936649.332143,3495657.078422
93,Ji'nan--Shandong,36.676721,116.997142,0.000000,-2324885.209629,4563406.853589,3788679.751898
94,Montréal,45.508840,-73.587810,0.000000,1265076.478847,-4294987.215859,4527156.581594
95,Shantou,23.368140,116.714790,0.000000,-2633486.727911,5232740.073130,2514196.464030
96,Nairobi,-1.283330,36.816670,0.000000,5104788.767375,3821186.831259,-141891.623176
97,Medellín,6.251840,-75.563590,0.000000,1580709.307590,-6140254.591766,689948.941510
98,Fortaleza,-3.741170,-38.543575,0.000000,4977999.646785,-3965864.770186,-413389.059054
99,Kunming,25.038890,102.718330,0.000000,-1272997.103917,5640319.427885,2682977.502215
100,Changchun,43.882494,125.293964,0.000000,-2660369.645691,3758214.235809,4398689.290092
101,Changsha,28.227394,112.938269,0.000000,-2191831.838766,5179139.508653,2998731.332624
102,Recife,-8.053890,-34.881110,0.000000,5180975.619964,-3611759.831261,-887681.304696
103,Roma-(Rome),41.894743,12.481142,0.000000,4642442.754207,1027601.812215,4236907.328175
104,Zhongshan,22.517992,113.383938,0.000000,-2339573.310540,5410595.860479,2427496.961241
105,Cape-Town,-33.925840,18.423220,0.000000,5026326.651018,1674299.048189,-3539623.040838
106,Detroit,42.387137,-83.102641,0.000000,566603.602493,-4683970.123645,4277461.986741
107,Hà-Noi,21.024500,105.841170,0.000000,-1625843.478484,5729890.823219,2273926.634823
108,Tel-Aviv-Yafo-(Tel-Aviv-Jaffa),32.080880,34.780570,0.000000,4442887.826985,3085653.553308,3368032.991590
109,Pôrto-Alegre,-30.033060,-51.230000,0.000000,3460621.219423,-4308762.693432,-3173546.187487
110,Kano,12.000120,8.516720,0.000000,6170850.907250,924080.920789,1317415.183454
111,Salvador,-12.971110,-38.510830,0.000000,4864301.086342,-3870741.215787,-1422290.473480
112,Faisalabad,31.416667,73.083333,0.000000,1585277.040958,5212309.584560,3305404.446573
113,Berlin,52.524370,13.410530,0.000000,3782781.367992,901920.339634,5038513.616405
114,Halab-(Aleppo),36.213611,37.157141,0.000000,4106074.473630,3111841.828659,3747340.393734
115,Dakar,14.693700,-17.444060,0.000000,5887073.457482,-1849869.900336,1607340.015919
116,Dar-el-Beida-(Casablanca),33.592780,-7.619160,0.000000,5271426.521333,-705152.722587,3508909.974796
117,Ürümqi-(Wulumqi),43.825320,87.603835,0.000000,192693.987165,4604906.103615,4394108.399383
118,Taiyuan--Shanxi,37.861899,112.551572,0.000000,-1933624.527079,4656323.735281,3893352.526571
119,Curitiba,-25.427780,-49.273060,0.000000,3760635.409143,-4367986.043511,-2721946.528686
120,Jaipur,26.916670,75.816670,0.000000,1394456.311856,5517587.571293,2869984.948838
121,Shizuoka-Hamamatsu-M.M.A.,34.976900,138.383100,0.000000,-3911376.078362,3474745.846464,3635766.404234
122,Hefei,31.863890,117.280830,0.000000,-2485203.654537,4818949.187278,3347621.791296
123,San-Francisco-Oakland,37.759881,-122.437392,0.000000,-2708059.508933,-4261069.769141,3884406.708028
124,Fuzhou--Fujian,26.075352,119.298946,0.000000,-2805369.359875,4999324.892938,2786562.080566
125,Shijiazhuang,38.041845,114.510846,0.000000,-2086593.695424,4576316.097502,3909101.941925
126,Seattle,47.626353,-122.333144,0.000000,-2303293.261928,-3638787.587477,4688975.858180
127,Addis-Ababa,9.024970,38.746890,0.000000,4913246.860152,3942859.045626,993889.627347
128,Nanning,22.816670,108.316670,0.000000,-1848531.370032,5583992.214416,2458017.524980
129,Lucknow,26.850000,80.916670,0.000000,898981.016371,5623001.413487,2863396.138361
130,Busan,35.102780,129.040280,0.000000,-3290345.262457,4057402.376678,3647200.523131
131,Wenzhou,27.999420,120.666820,0.000000,-2874484.615382,4847576.378800,2976447.758130
132,Ibadan,7.387780,3.896390,0.000000,6310916.596899,429835.656962,814681.588124
133,Ningbo,29.878190,121.549450,0.000000,-2896098.369028,4716860.284759,3158671.973032
134,San-Diego,32.715330,-117.157260,0.000000,-2451783.461910,-4779420.757306,3427437.935514
135,Milano-(Milan),45.553070,9.183440,0.000000,4416572.099836,714018.658999,4530600.227685
136,Yaoundé,3.866670,11.516670,0.000000,6235590.345192,1270534.624184,427236.164319
137,Athínai-(Athens),37.953420,23.748970,0.000000,4609187.286668,2027992.044667,3901367.480417
138,Wuxi--Jiangsu,31.536681,120.298556,0.000000,-2745068.945000,4697894.289756,3316753.275893
139,Campinas,-22.910942,-47.065587,0.000000,4003830.937680,-4303448.943487,-2467637.150949
140,Izmir,38.412730,27.138380,0.000000,4453179.212692,2282572.356615,3941442.316101
141,Kanpur,26.466670,80.350000,0.000000,957743.406394,5632621.712595,2825438.848018
142,Mashhad,36.297000,59.606200,0.000000,2603851.379575,4439257.768613,3754802.041474
143,Puebla,19.041532,-98.204962,0.000000,-860753.092922,-5969550.503602,2067695.201847
144,Sana'a',15.353115,44.207820,0.000000,4409818.711648,4289532.518175,1677809.280550
145,Santo-Domingo,18.489591,-69.901805,0.000000,2079285.575576,-5682469.568649,2009849.068394
146,Douala,4.048270,9.704280,0.000000,6271287.931242,1072453.037032,447269.517395
147,Kyiv-(Kiev),50.445368,30.518634,0.000000,3505977.511541,2066714.735823,4894483.456674
148,Ciudad-de-Guatemala-(Guatemala-City),14.612652,-90.530746,0.000000,-57182.613247,-6172874.950329,1598664.105572
149,Caracas,10.488010,-66.879190,0.000000,2462940.133233,-5768475.827469,1153366.139315
150,Durban,-29.857900,31.029200,0.000000,4743922.076296,2853727.499065,-3156721.566892
151,Lisboa-(Lisbon),38.716860,-9.139867,0.000000,4919779.029650,-791532.377250,3967839.827256
152,Guiyang,26.583330,106.716670,0.000000,-1641756.485563,5466480.436433,2837003.774589
153,P'yongyang,39.033850,125.754320,0.000000,-2898742.748396,4025967.468675,3995235.697133
154,Surabaya,-7.288838,112.741078,0.000000,-2445786.637947,5835086.815010,-803828.984606
155,Minneapolis-St.-Paul,44.973070,-93.269895,0.000000,-257801.533582,-4512346.682855,4485230.507017
156,Al-Kuwayt-(Kuwait-City),29.353429,47.982244,0.000000,3724149.287843,4133510.020125,3108103.612811
157,Tangshan--Hebei,39.628484,118.179931,0.000000,-2323014.438222,4336049.830131,4046299.571155
158,Ouagadougou,12.364230,-1.538340,0.000000,6228912.023494,-167280.867525,1356787.293573
159,Lanzhou,36.056390,103.792220,0.000000,-1230704.533192,5013470.002461,3733250.913472
160,Guayaquil,-2.166670,-79.900000,0.000000,1117718.351875,-6274835.005812,-239521.956123
161,Incheon,37.453610,126.731670,0.000000,-3031928.297740,4062955.034915,3857477.104668
162,Nagpur,21.150000,79.100000,0.000000,1125324.252745,5843725.988947,2286891.251826
163,Taipei,25.047009,121.545680,0.000000,-3024916.632210,4927393.004000,2683792.323116
164,Tampa-St.-Petersburg,27.947520,-82.458430,0.000000,740020.586275,-5589672.959372,2971368.230431
165,Cali,3.437220,-76.522500,0.000000,1483854.204584,-6191407.629563,379844.657234
166,Manchester,53.480950,-2.237430,0.000000,3800896.634755,-148502.484752,5102574.659854
167,Antananarivo,-18.913680,47.536130,0.000000,4074981.025519,4452695.258577,-2054312.270192
168,Denver-Aurora,39.734283,-104.983138,0.000000,-1269823.939842,-4744632.352124,4055339.915115
169,Kumasi,6.688480,-1.624430,0.000000,6332467.702194,-179584.040489,737928.566811
170,El-Djazaïr--(Algiers),36.752500,3.041970,0.000000,5109264.245500,271518.228088,3795420.895795
171,Changzhou--Jiangsu,31.794314,119.958917,0.000000,-2709683.785527,4701091.391794,3341067.062186
172,Sapporo,43.064170,141.346940,0.000000,-3644726.021059,2915076.875277,4332711.604103
173,Dimashq-(Damascus),33.508586,36.308444,0.000000,4289928.692826,3152239.397042,3501127.448781
174,Coimbatore,10.992500,76.961390,0.000000,1412725.949451,6100430.074961,1208191.474725
175,Bandung,-6.919393,107.608456,0.000000,-1915493.336510,6035309.472470,-763285.335319
176,Nanchang,28.683330,115.883330,0.000000,-2444522.597313,5038025.504544,3043156.552881
177,Bamako,12.650000,-8.000000,0.000000,6163736.975741,-866256.739457,1387650.731074
178,Birmingham-(West-Midlands),52.481400,-1.899800,0.000000,3890470.654351,-129046.608555,5035602.974311
179,Rawalpindi,33.600000,73.066667,0.000000,1548896.221833,5087375.087813,3509577.011812
180,Vancouver,49.249660,-123.119340,0.000000,-2279210.580838,-3493723.596433,4808727.370552
181,Kozhikode-(Calicut),11.256690,75.778724,0.000000,1536952.382870,6064506.247860,1236865.871639
182,San-Juan,18.466330,-66.105720,0.000000,2451266.131926,-5533087.675165,2007407.139425
183,Indore,22.717920,75.833300,0.000000,1440621.774687,5707227.800325,2447933.937889
184,Abuja,9.057350,7.489760,0.000000,6245387.157496,821085.311918,997426.414555
185,Port-au-Prince,18.539170,-72.335000,0.000000,1835635.698140,-5763960.875821,2015052.762028
186,Zibo,36.790560,118.063330,0.000000,-2405841.328335,4512689.261605,3798804.157610
187,Kochi-(Cochin),9.930693,76.260069,0.000000,1492354.822453,6103396.375259,1092698.054656
188,Dubayy-(Dubai),25.272061,55.311265,0.000000,3284499.195018,4745412.429656,2706357.308906
189,Baku,40.377670,49.892010,0.000000,3134595.584236,3721398.520308,4110020.115811
190,Asunción,-25.300660,-57.635910,0.000000,3088590.381223,-4873588.589991,-2709221.868928
191,Port-Harcourt,4.777420,7.013400,0.000000,6308564.479653,776092.015914,527659.966292
192,Thrissur,10.516670,76.216670,0.000000,1494236.613302,6091091.533874,1156483.147321
193,Huizhou,23.083330,114.400000,0.000000,-2425127.391061,5346163.659756,2485210.807508
194,Goiânia,-16.678610,-49.253890,0.000000,3989020.492032,-4630121.824511,-1818790.653069
195,Accra,5.556020,-0.196900,0.000000,6348332.294481,-21816.468162,613409.604613
196,Las-Vegas,36.169941,-115.139830,0.000000,-2189946.267026,-4666587.004315,3743429.668378
197,Baltimore,39.290380,-76.612190,0.000000,1144500.964517,-4808650.088169,4017317.674673
198,Tashkent,41.264650,69.216270,0.000000,1703684.831208,4488821.347975,4184559.222266
199,Daegu,35.870280,128.591110,0.000000,-3227602.644511,4044434.891593,3716536.594063
200,Bayrut-(Beirut),33.900000,35.483330,0.000000,4315260.674802,3076151.622081,3537244.425969
201,Malappuram,11.066670,76.066670,0.000000,1507435.036928,6076102.890770,1216244.235707
202,Patna,25.600000,85.116670,0.000000,489957.805392,5734715.205225,2739164.620351
203,Medan,3.583330,98.666670,0.000000,-959227.741506,6293062.730284,395970.952047
204,Brisbane,-27.467940,153.028090,0.000000,-5047168.968040,2568544.970425,-2924317.876680
205,Napoli-(Naples),40.850178,14.259213,0.000000,4682636.780120,1190039.795150,4149850.912065
206,Maracaibo,10.631670,-71.640560,0.000000,1974705.476807,-5950243.944780,1168987.470375
207,Weifang,36.710000,119.101940,0.000000,-2489845.433440,4473012.926440,3791640.991471
208,Riverside-San-Bernardino,33.953350,-117.396160,0.000000,-2436971.228788,-4702165.391805,3542154.600062
209,St.-Louis,38.628612,-90.197197,0.000000,-17171.368551,-4989138.078529,3960191.551905
210,Belém,-1.456142,-48.478988,0.000000,4226675.453819,-4773858.677403,-160994.822484
211,Lusaka,-15.413374,28.277148,0.000000,5416265.020325,2913572.297174,-1684238.197646
212,Hiroshima,34.392823,132.460534,0.000000,-3556850.536643,3886993.104625,3582486.516094
213,Toluca-de-Lerdo,19.283896,-99.657254,0.000000,-1010294.935016,-5937135.903045,2093036.874387
214,Kannur,11.872888,75.371554,0.000000,1576559.271002,6040208.882888,1303644.888073
215,Muqdisho-(Mogadishu),2.041636,45.343492,0.000000,4480077.035670,4534118.382766,225705.553326
216,La-Habana-(Havana),23.119541,-82.378493,0.000000,778385.946276,-5817074.243314,2488899.437732
217,Gujranwala,32.150000,74.183333,0.000000,1473248.511920,5200575.229093,3374524.772788
218,Yantai,37.465087,121.437152,0.000000,-2643678.143543,4324731.712640,3858488.219398
219,Santa-Cruz,-17.798910,-63.169825,0.000000,2741822.285223,-5420789.867949,-1937204.777255
220,Bhopal,23.266670,77.400000,0.000000,1278865.671652,5721316.128080,2503876.642519
221,Sendai,38.256047,140.897639,0.000000,-3891649.296764,3162923.878531,3927799.766597
222,Shaoxing,30.011000,120.571500,0.000000,-2811433.268153,4759275.472927,3171428.868519
223,Pretoria,-25.744860,28.187830,0.000000,5066886.428396,2715455.158544,-2753628.466217
224,Bruxelles-Brussel,50.846735,4.349919,0.000000,4023641.615163,306064.785288,4922795.517813
225,San-Antonio,29.424113,-98.493536,0.000000,-821184.336608,-5498916.381960,3114930.124433
226,Manaus,-3.101940,-60.025000,0.000000,3182019.280259,-5516976.936116,-342830.512644
227,Lubumbashi,-11.660890,27.479380,0.000000,5542505.835150,2882711.177694,-1280686.408781
228,Luoyang,34.618562,112.456179,0.000000,-2007127.538939,4856136.187651,3603122.507632
229,Mbuji-Mayi,-6.150000,23.600000,0.000000,5811271.307000,2538882.006686,-678752.634662
230,Portland,45.521525,-122.679933,0.000000,-2417022.603075,-3767801.667382,4528144.480732
231,Huai'an,33.606953,119.014801,0.000000,-2579181.927583,4650133.981788,3510219.329345
232,Tunis,36.818970,10.165790,0.000000,5031803.211263,902262.991131,3801328.522412
233,Barranquilla,10.963890,-74.796390,0.000000,1642333.874283,-6043287.943568,1205084.707670
234,Tijuana,32.533330,-117.016670,0.000000,-2444991.438682,-4795116.441204,3410439.014222
235,Nantong,31.990413,120.865451,0.000000,-2777828.529094,4647771.035569,3359528.979201
236,Vadodara,22.300000,73.200000,0.000000,1706431.754575,5651974.651688,2405180.322401
237,Rabat,34.013250,-6.832550,0.000000,5254848.187635,-629630.666757,3547663.999639
238,Agra,27.183330,78.016670,0.000000,1178830.487862,5553906.544088,2896299.840064
239,Thiruvananthapuram,8.506940,76.956940,0.000000,1423705.863864,6145671.793495,937264.924033
240,Baotou,40.652220,109.822220,0.000000,-1643237.331434,4558719.401060,4133197.630528
241,Conakry,9.571642,-13.647602,0.000000,6112329.588703,-1484104.645903,1053558.636997
242,Kampala,0.316280,32.582190,0.000000,5374261.691645,3434630.409085,34972.249136
243,Visakhapatnam,17.681874,83.209685,0.000000,718721.197068,6036055.055675,1924867.503945
244,Bursa,40.191670,29.061110,0.000000,4264743.158161,2369935.516160,4094264.813863
245,Multan,30.183333,71.483333,0.000000,1752429.875079,5232402.134198,3187957.054234
246,Sacramento,38.581570,-121.494400,0.000000,-2608119.313473,-4256997.783744,3956110.714397
247,Xuzhou,34.263685,117.186605,0.000000,-2410937.584416,4693876.065753,3570656.594418
248,Minsk,53.900000,27.566670,0.000000,3338645.714603,1742929.597546,5130192.295549
249,West-Yorkshire,53.798431,-1.764855,0.000000,3773550.213687,-116271.670836,5123523.427227
250,Haikou,20.027423,110.330071,0.000000,-2082758.865129,5621360.007669,2170548.750963
251,Brazzaville,-4.265830,15.283180,0.000000,6135640.230057,1676585.374173,-471264.012388
252,Esfahan,32.657220,51.677610,0.000000,3333011.199611,4216935.113716,3422014.126506
253,Bucuresti-(Bucharest),44.432787,26.104302,0.000000,4096595.927830,2007283.060419,4442556.813161
254,Perth,-31.947841,115.852514,0.000000,-2362167.829590,4874971.075412,-3355524.294591
255,Hamburg,53.550000,10.000000,0.000000,3739923.346635,659449.391793,5107144.193890
256,Adana,37.001670,35.328890,0.000000,4160717.225412,2949102.811675,3817540.170899
257,La-Paz,-16.500000,-68.150000,0.000000,2276662.227109,-5677687.196478,-1799847.553039
258,Samut-Prakan,13.599340,100.596750,0.000000,-1140237.883117,6094719.218659,1489933.026061
259,Karaj,35.835500,51.010300,0.000000,3257082.389426,4023640.536064,3713408.736778
260,León-de-los-Aldamas,21.123373,-101.680486,0.000000,-1205036.137783,-5828896.122428,2284141.483319
261,Hohhot,40.810560,111.652220,0.000000,-1783744.446458,4493255.172588,4146521.958938
262,Nashik,19.983330,73.800000,0.000000,1672960.516147,5758367.866454,2165961.999458
263,Cleveland,41.498587,-81.687402,0.000000,691652.557426,-4733819.057763,4204053.608786
264,Hyderabad,25.366667,68.366667,0.000000,2125993.449476,5360532.897915,2715830.755593
265,Makkah-(Mecca),21.417368,39.815855,0.000000,4562817.409516,3803735.750071,2314475.305176
266,Yangzhou,32.391492,119.423807,0.000000,-2648376.932638,4695548.888026,3397167.678170
267,Torino-(Turin),45.068672,7.677218,0.000000,4471744.265597,602793.080186,4492740.393917
268,Vijayawada,16.516670,80.616670,0.000000,997245.355440,6034766.902954,1801616.276980
269,Wien-(Vienna),48.206443,16.370725,0.000000,4085977.054679,1200300.233942,4732204.106296
270,Peshawar,34.001950,71.559440,0.000000,1674328.233536,5021345.453724,3546624.956897
271,Valencia,10.162020,-68.007650,0.000000,2351277.854648,-5821854.779934,1117892.343721
272,Phnum-Pénh-(Phnom-Penh),11.562450,104.916010,0.000000,-1608649.906906,6038959.397910,1270019.910161
273,Orlando,28.538340,-81.379240,0.000000,840522.602520,-5544109.599392,3029049.574744
274,San-Jose,37.339390,-121.894960,0.000000,-2682626.259872,-4310664.481232,3847406.069756
275,Quito,-0.229850,-78.524950,0.000000,1268863.675229,-6250595.232042,-25415.424119
276,Warszawa-(Warsaw),52.229770,21.011780,0.000000,3654474.448611,1403683.448969,5018501.797563
277,Pittsburgh,40.441823,-79.988230,0.000000,845091.793342,-4787003.144255,4115444.306981
278,Ludhiana,30.900000,75.850000,0.000000,1339083.481165,5311492.909412,3256384.400197
279,Budapest,47.498010,19.039910,0.000000,4080852.165943,1408330.430306,4679347.015630
280,Montevideo,-34.833460,-56.167350,0.000000,2918026.880784,-4353527.814078,-3622716.102676
281,Linyi--Shandong,35.054142,118.333365,0.000000,-2480728.042221,4600791.580036,3642784.624532
282,Al-Mawsil-(Mosul),36.335000,43.118889,0.000000,3754839.606690,3516039.338164,3758199.672814
283,Cincinnati,39.104722,-84.518783,0.000000,473394.404781,-4933340.084418,4001344.273973
284,Austin,30.270000,-97.740000,0.000000,-742510.524633,-5462999.741271,3196258.361948
285,Ciudad-de-Panamá-(Panama-City),8.995816,-79.519572,0.000000,1146003.745621,-6195092.451483,990704.941808
286,Shiraz,29.603600,52.538800,0.000000,3375700.195500,4405472.083246,3132243.564415
287,Taizhou--Zhejiang,28.637219,121.418459,0.000000,-2920350.027220,4780837.192639,3038672.206622
288,Indianapolis,39.790942,-86.147685,0.000000,329716.385339,-4896505.563540,4060175.698827
289,Hims-(Homs),34.731809,36.718125,0.000000,4206272.066543,3137328.949781,3613454.207518
290,Grande-Vitória,-20.305424,-40.307915,0.000000,4563413.922756,-3871140.366183,-2199438.451928
291,Handan,36.600560,114.467780,0.000000,-2123319.811173,4666151.945340,3781898.019223
292,Semarang,-6.993200,110.420300,0.000000,-2208911.786341,5933149.731382,-771387.605942
293,Davao-City,7.073854,125.612487,0.000000,-3685906.156526,5146049.407474,780240.080620
294,Daqing,46.583330,125.000000,0.000000,-2518830.692321,3597263.032559,4610050.589096
295,Liuzhou,24.301725,109.378368,0.000000,-1929868.192860,5486768.808200,2608776.764823
296,Charlotte,35.227090,-80.843130,0.000000,830053.585424,-5149463.526488,3658474.951943
297,Lyon,45.748460,4.846710,0.000000,4442445.708352,376690.051147,4545780.717297
298,Marseille-Aix-en-Provence,43.528414,5.443298,0.000000,4610830.759735,439367.589060,4370249.980134
299,Kansas-City,39.114170,-94.627460,0.000000,-399780.128875,-4939186.643574,4002158.155091
300,Rajkot,22.300000,70.783330,0.000000,1943237.163932,5574993.822513,2405180.322401
301,Yinchuan,38.468060,106.273060,0.000000,-1401153.727022,4799948.859379,3946252.988177
302,Madurai,9.933330,78.116670,0.000000,1293822.411913,6148492.629647,1092985.354828
303,Jiangmen,22.583330,113.083330,0.000000,-2310066.108756,5420243.529755,2434179.132281
304,Tabriz,38.080000,46.291900,0.000000,3473549.143858,3633832.908929,3912436.482401
305,Daejon,36.321390,127.419720,0.000000,-3126327.709130,4086151.429568,3756982.972216
306,Anshan,41.123610,122.990000,0.000000,-2619865.707961,4035781.311458,4172772.666150
307,Meerut,28.971550,77.719340,0.000000,1187797.535438,5456579.830155,3071142.115230
308,Zhuhai,22.276900,113.567800,0.000000,-2360991.137413,5412384.327684,2402813.478264
309,Varanasi-(Benares),25.316426,82.982198,0.000000,704856.850306,5725890.135470,2710800.753713
310,Baixada-Santista,-23.957000,-46.326609,0.000000,4027185.403977,-4218129.021271,-2573931.193940
311,Gwangju,35.146111,126.918611,0.000000,-3136216.482955,4174223.591107,3651132.404592
312,Xiangyang,32.008764,112.144038,0.000000,-2040560.218587,5014234.218805,3361254.665714
313,Datong,40.080522,113.293045,0.000000,-1932467.889053,4488639.977287,4084829.498495
314,Gaziantep,37.059440,37.382500,0.000000,4049297.051163,3093962.073267,3822658.332035
315,Kaohsiung,22.625962,120.315460,0.000000,-2973123.989125,5084741.788512,2438537.463601
316,Almaty,43.247189,76.910127,0.000000,1053848.229711,4532271.654139,4347544.209775
317,Jilin,43.850830,126.560280,0.000000,-2744227.146354,3700461.623200,4396152.846512
318,Córdoba,-31.413500,-64.181050,0.000000,2372863.668615,-4904364.042823,-3305104.802033
319,Columbus--Ohio,39.962205,-83.000186,0.000000,596583.705758,-4858914.774973,4074768.871474
320,Harare,-17.829350,31.053890,0.000000,5203246.540449,3133090.542046,-1940412.290751
321,Novosibirsk,55.041500,82.934600,0.000000,450533.310603,3634993.004139,5204030.627366
322,Benin-City,6.335040,5.627490,0.000000,6308893.119558,621648.574106,699094.379332
323,Makassar-(Ujung-Pandang),-5.144396,119.423639,0.000000,-3120805.252484,5533198.038524,-568089.021292
324,Stockholm,59.332580,18.064900,0.000000,3100516.932985,1011303.237837,5462923.946199
325,Virginia-Beach,36.834498,-76.087179,0.000000,1228921.372043,-4961080.027104,3802707.868890
326,Palembang,-2.916730,104.745800,0.000000,-1621344.419636,6160131.482592,-322378.740158
327,Qiqihaer,47.340830,123.967220,0.000000,-2419193.851924,3591032.365143,4667522.896071
328,Jamshedpur,22.800000,86.183330,0.000000,391578.925696,5869678.214714,2456315.816564
329,Kharkiv,49.980810,36.252720,0.000000,3313966.808071,2430142.910741,4861415.436243
330,München-(Munich),48.137076,11.573377,0.000000,4177676.544757,855531.041524,4727060.195905
331,Putian,25.439440,119.010280,0.000000,-2794993.309500,5040168.517020,2723113.030169
332,Grande-São-Luís,-2.538539,-44.283186,0.000000,4561640.963892,-4448906.248604,-280607.057512
333,Yancheng--Jiangsu,33.356867,120.155148,0.000000,-2678902.687968,4611114.751899,3487084.359923
334,Srinagar,34.083658,74.797363,0.000000,1386707.475052,5103003.159207,3554134.989911
335,Wuhu--Anhui,31.333557,118.381175,0.000000,-2591931.356220,4797443.556627,3297537.008827
336,Kollam,8.880560,76.591670,0.000000,1461407.960080,6130394.891603,978112.306642
337,Milwaukee,43.038900,-87.906470,0.000000,170562.717847,-4665886.992661,4330660.170016
338,Quanzhou,24.896763,118.599688,0.000000,-2771040.934699,5082514.455190,2668705.092545
339,Batam,1.119078,104.031275,0.000000,-1546095.402325,6186661.613971,123733.498977
340,Ciudad-Juárez,31.733330,-106.483330,0.000000,-1540594.144680,-5206520.841366,3335317.781645
341,Jining--Shandong,35.414595,116.584704,0.000000,-2328854.027893,4653716.733763,3675448.689028
342,Rosario,-32.946820,-60.639320,0.000000,2626902.800134,-4669491.249237,-3449009.880633
343,Yekaterinburg,56.857500,60.612500,0.000000,1715184.787700,3045515.985230,5317239.449093
344,Ulaanbaatar,47.907710,106.883240,0.000000,-1243976.500218,4098718.858955,4710002.529605
345,Raipur,21.233330,81.633330,0.000000,865443.283107,5884455.040584,2295493.594216
346,Islamabad,33.703510,73.059373,0.000000,1547690.040766,5081091.861360,3519133.972630
347,Auckland,-36.866670,174.766670,0.000000,-5087586.108007,465990.818340,-3805564.816121
348,Aurangabad,19.876619,75.343310,0.000000,1518284.817369,5805231.950499,2154856.229519
349,Calgary,51.044072,-114.059314,0.000000,-1638155.682843,-3669130.753784,4936627.350520
350,Jabalpur,23.166970,79.950060,0.000000,1023804.587142,5776835.981779,2493729.308522
351,Chaozhou,23.665130,116.637860,0.000000,-2620574.126842,5224539.933775,2544356.577378
352,Torreón,25.539231,-103.461434,0.000000,-1340528.893500,-5600308.474360,2733091.874326
353,Huainan,32.626390,116.996940,0.000000,-2440817.474185,4791006.554086,3419135.137080
354,Ottawa-Gatineau,45.416598,-75.697997,0.000000,1107876.386278,-4345737.472445,4519966.210504
355,Xining,36.616670,101.766670,0.000000,-1045221.392113,5017772.762730,3783333.080927
356,Praha-(Prague),50.088040,14.420760,0.000000,3971166.300378,1021156.078639,4869076.574771
357,Asansol,23.683330,86.983330,0.000000,307555.711635,5836023.890834,2546202.655385
358,Cixi,30.176116,121.252392,0.000000,-2863030.229423,4717683.697522,3187265.425458
359,Hengyang,26.884064,112.625090,0.000000,-2189981.071445,5254604.800766,2866763.066492
360,Porto,41.149610,-8.610990,0.000000,4755456.499778,-720128.219637,4174947.344103
361,Fushun--Liaoning,41.880737,123.946698,0.000000,-2655769.026689,3945251.520746,4235749.209134
362,Allahabad,25.450000,81.850000,0.000000,816959.571681,5704565.739438,2724169.388501
363,Jodhpur,26.239232,73.015787,0.000000,1672217.833402,5474973.070202,2802858.962137
364,Al-Madinah-(Medina),24.463501,39.611106,0.000000,4475097.191044,3703583.687096,2625097.469168
365,Sharjah,25.357310,55.403300,0.000000,3274579.568119,4747358.270599,2714894.136568
366,Edmonton,53.543409,-113.503721,0.000000,-1514758.000234,-3483086.288941,5106708.339336
367,Huambo,-12.776110,15.739170,0.000000,5987985.361755,1687564.725169,-1401260.006716
368,København-(Copenhagen),55.675940,12.565530,0.000000,3518355.809528,784223.543872,5244180.380156
369,Querétaro,20.600000,-100.383330,0.000000,-1076493.587133,-5874978.749904,2229995.054284
370,Maceió,-9.665830,-35.735280,0.000000,5104269.372608,-3672557.558440,-1063829.866045
371,Amritsar,31.630953,74.875536,0.000000,1418246.624120,5247346.450700,3325657.782043
372,Monrovia,6.300540,-10.796900,0.000000,6227633.947390,-1187635.505995,695302.274709
373,Yichang,30.714440,111.284720,0.000000,-1992241.624618,5113864.796989,3238714.938959
374,Ranchi,23.350000,85.333330,0.000000,476668.824474,5839429.846175,2512352.137087
375,N'Djaména,12.106720,15.044400,0.000000,6023414.990855,1618973.050430,1328947.577260
376,Kigali,-1.947364,30.057897,0.000000,5517234.695507,3192814.783225,-215287.687429
377,Adelaide,-34.928660,138.598630,0.000000,-3926719.154642,3462035.486609,-3631379.995379
378,Dhanbad,23.800000,86.450000,0.000000,361543.306654,5827715.782778,2558030.813069
379,Zürich-(Zurich),47.357850,8.502960,0.000000,4280927.798869,640015.047940,4668804.940995
380,Cochabamba,-17.389500,-66.156800,0.000000,2461162.276592,-5568826.254525,-1894012.726823
381,Hamah,35.131790,36.757830,0.000000,4183740.503574,3125037.864686,3649833.136606
382,Tiruppur,11.115410,77.354560,0.000000,1370260.526243,6107437.134366,1221534.931341
383,Sofia,42.697510,23.324150,0.000000,4311142.966183,1858826.047792,4302864.155334
384,Taichung,24.141613,120.672740,0.000000,-2970788.482835,5008805.027693,2592603.773007
385,Glasgow,55.865150,-4.257630,0.000000,3577379.000829,-266324.211866,5256030.285609
386,Gwalior,26.223610,78.179170,0.000000,1172862.632146,5603998.143164,2801306.420005
387,Taian--Shandong,36.190371,117.119081,0.000000,-2349202.323583,4586976.360678,3745259.478753
388,Joinville,-26.304440,-48.845560,0.000000,3765237.365551,-4307902.951335,-2809337.231203
389,Ahvaz,31.320300,48.669300,0.000000,3601589.239456,4095175.537247,3296281.423783
390,Bucaramanga,7.125390,-73.119800,0.000000,1837820.345605,-6056502.929879,785895.810173
391,Nizhniy-Novgorod,56.328670,44.002050,0.000000,2549571.220772,2462268.605585,5284817.719498
392,Qom,34.640100,50.876400,0.000000,3314759.623682,4075379.894874,3605088.525619
393,Providence,41.824037,-71.417702,0.000000,1516869.270525,-4511896.633971,4231058.271887
394,Konya,37.871350,32.484640,0.000000,4252436.343653,2707498.319710,3894180.653809
395,Maputo,-25.965280,32.589170,0.000000,4834581.036782,3090556.138946,-2775603.466465
396,Taizhou--Jiangsu,32.494536,119.902861,0.000000,-2684487.649265,4667927.707058,3406811.228807
397,Kathmandu,27.701690,85.320600,0.000000,461022.761641,5632325.197364,2947275.913087
398,Beograd-(Belgrade),44.817649,20.463309,0.000000,4245916.278218,1584384.706040,4472995.156382
399,Florianópolis,-27.596670,-48.549170,0.000000,3744514.507272,-4239729.703769,-2936967.206855
400,Helsinki,60.169246,24.940216,0.000000,2884148.208533,1341238.404928,5509879.652748
401,Port-Elizabeth,-33.917990,25.570070,0.000000,4779408.811147,2286840.011394,-3538900.510529
402,Can-Tho,10.033330,105.783330,0.000000,-1708496.229588,6044409.511568,1103878.636643
403,Fès,34.037150,-4.999800,0.000000,5270819.149400,-461118.383616,3549861.171732
404,Jacksonville--Florida,30.332180,-81.655650,0.000000,799586.594167,-5451422.998419,3202209.784170
405,San-José,9.927817,-84.080685,0.000000,647978.336039,-6249750.682834,1092384.712936
406,Dublin,53.333060,-6.248890,0.000000,3794332.548631,-415472.607823,5092762.862578
407,Kananga,-5.896240,22.416590,0.000000,5865189.228790,2419443.564481,-650845.148159
408,Mandalay,21.974730,96.083590,0.000000,-627135.685453,5884205.561335,2371817.659493
409,Natal,-5.795000,-35.209440,0.000000,5184799.593422,-3658753.258532,-639707.665000
410,Maracay,10.246940,-67.595830,0.000000,2392427.770899,-5803266.002666,1127136.688637
411,Irbil-(Erbil),36.192570,44.010620,0.000000,3706388.199948,3580545.370552,3745456.403836
412,Samara,53.200060,50.150000,0.000000,2453465.553408,2939520.896815,5083910.050108
413,Kota,25.166450,75.856095,0.000000,1411460.420708,5601090.551231,2695773.252279
414,Kazan,55.788740,49.122140,0.000000,2352296.271068,2717686.389843,5251251.735379
415,Omsk,55.000000,73.400000,0.000000,1047502.766915,3513778.168387,5201382.108912
416,Chelyabinsk,55.154440,61.429720,0.000000,1746756.117760,3207735.207277,5211224.626888
417,Vereeniging,-26.673130,27.926150,0.000000,5039104.315576,2671013.719969,-2845898.082050
418,Amman,31.955220,35.945030,0.000000,4385243.729945,3179642.456958,3356218.557232
419,Zhanjiang,21.266159,110.359639,0.000000,-2068835.672649,5574948.690074,2298881.295240
420,Tbilisi,41.694110,44.833680,0.000000,3382437.671724,3362857.161652,4220293.586296
421,San-Luis-Potosí,22.150000,-100.983330,0.000000,-1126039.170108,-5801981.296104,2389804.361912
422,Abu-Zaby-(Abu-Dhabi),24.464778,54.361781,0.000000,3384595.195218,4720896.296015,2625226.216992
423,Anyang,36.094436,114.350340,0.000000,-2127475.478416,4700819.451673,3736662.989079
424,Raleigh,35.778897,-78.637471,0.000000,1020618.599247,-5078844.625565,3708315.386518
425,Chandigarh,30.734300,76.793300,0.000000,1253609.310303,5341980.657816,3240607.660274
426,Marrakech,31.631480,-8.008280,0.000000,5382590.619154,-757267.014315,3325707.535116
427,Durg-Bhilainagar,21.188706,81.280592,0.000000,901924.934986,5880782.435262,2290887.551533
428,Tarabulus-(Tripoli),32.875190,13.187460,0.000000,5220597.170583,1223274.613647,3442340.794370
429,Tegucigalpa,14.081800,-87.206810,0.000000,301532.857468,-6180342.715725,1541761.365117
430,Pekan-Baru,0.533330,101.450000,0.000000,-1266086.397414,6250930.347570,58971.729212
431,Bareilly,28.350000,79.416670,0.000000,1031722.506100,5521845.214509,3010696.261813
432,Onitsha,6.145430,6.788450,0.000000,6297265.937710,749616.044412,678250.158550
433,Qinhuangdao,39.931670,119.588330,0.000000,-2418252.072625,4258913.034722,4072169.649283
434,Quetta,30.199000,67.009710,0.000000,2154877.840048,5078967.024264,3189458.211295
435,Denpasar,-8.650000,115.216670,0.000000,-2686651.641617,5705116.259476,-952910.195074
436,Memphis,35.140814,-90.047458,0.000000,-4324.917068,-5221447.134196,3650651.862298
437,Tiruchirappalli,10.805000,78.685560,0.000000,1229306.561163,6144019.308903,1187825.460293
438,Baoding,38.851110,115.490280,0.000000,-2140476.163706,4489561.526700,3979457.119348
439,Nashville-Davidson,36.160996,-86.783045,0.000000,289309.677507,-5147352.511960,3742628.362373
440,Mombasa,-4.054660,39.663590,0.000000,4897714.922654,4060906.439965,-447974.356445
441,Lianyungang,34.596870,119.175775,0.000000,-2562224.693809,4589116.370575,3601141.923609
442,Suweon,37.263490,127.021385,0.000000,-3060142.980455,4057794.888026,3840705.424190
443,San-Salvador,13.689350,-89.187180,0.000000,87925.885754,-6197490.467737,1499610.339588
444,Hefa-(Haifa),32.813261,34.991355,0.000000,4395808.215145,3076989.709195,3436570.632499
445,Rostov-na-Donu-(Rostov-on-Don),47.217791,39.703185,0.000000,3338999.222450,2772404.122399,4658242.711980
446,Salt-Lake-City,40.754700,-111.892622,0.000000,-1804092.343041,-4489491.088818,4141824.912359
447,João-Pessoa,-7.115000,-34.863060,0.000000,5193358.240080,-3617961.366740,-784755.627540
448,Cartagena,10.399720,-75.514440,0.000000,1569363.655136,-6074594.271562,1143762.108330
449,Amsterdam,52.374030,4.889690,0.000000,3887878.783377,332604.058843,5028317.758548
450,Niamey,13.513660,2.109800,0.000000,6198480.513572,228349.596711,1480717.894357
451,Zhuzhou,27.833330,113.150000,0.000000,-2219023.959205,5189874.261377,2960183.835641
452,Mysore,12.297910,76.639250,0.000000,1440267.092307,6064032.254592,1349619.907153
453,Yiwu,29.315060,120.076760,0.000000,-2789366.426464,4816411.146894,3104396.061401
454,Bogor,-6.606481,106.801891,0.000000,-1831523.969475,6065576.549563,-728921.333493
455,Hai-Phòng,20.864810,106.683450,0.000000,-1711711.767518,5711425.809894,2257414.561600
456,Antalya,36.908120,30.695560,0.000000,4390712.053919,2606553.859350,3809243.920642
457,Benxi,41.288610,123.765000,0.000000,-2667504.298068,3989940.652847,4186559.036560
458,Ufa,54.785170,56.045620,0.000000,2058838.809633,3057602.674980,5187628.218862
459,Mérida,20.966670,-89.616670,0.000000,39863.504801,-5958251.384857,2267948.966223
460,Mianyang--Sichuan,31.483888,104.737019,0.000000,-1384901.816486,5265070.134123,3311762.814761
461,Ad-Dammam,26.434420,50.103260,0.000000,3665672.441229,4384601.986369,2822239.751127
462,Rizhao,35.403360,119.511996,0.000000,-2563830.062530,4529341.379177,3674432.744276
463,Zhenjiang--Jiangsu,32.202713,119.448940,0.000000,-2655935.612154,4704126.788336,3379472.342363
464,Suqian,33.968102,118.292384,0.000000,-2509788.404696,4662667.569956,3543511.794489
465,Nanchong,30.795080,106.084740,0.000000,-1519294.806014,5268986.917807,3246397.799711
466,Kaduna,10.522240,7.438280,0.000000,6218804.963375,811907.055734,1157088.897190
467,Yongin,37.235245,127.203292,0.000000,-3074157.775617,4049570.136131,3838210.179944
468,Yerevan,40.181998,44.514619,0.000000,3479569.538568,3421109.064899,4093444.367142
469,Guwahati-(Gauhati),26.173547,91.750291,0.000000,-174949.585793,5725193.469531,2796329.688499
470,Guilin,25.281940,110.286390,0.000000,-2000790.965501,5412791.902259,2707346.893730
471,Kisangani,0.516670,25.200000,0.000000,5770876.019977,2715568.126305,57129.638026
472,Changwon,35.228060,128.681110,0.000000,-3259843.149112,4071699.724328,3658562.860249
473,Barquisimeto,10.073890,-69.322780,0.000000,2217643.838679,-5875888.328399,1108296.013537
474,Aligarh,27.883330,78.083330,0.000000,1164964.026129,5520190.146860,2965082.538806
475,Köln-(Cologne),50.933330,6.950000,0.000000,3998194.901865,487375.299134,4928872.344252
476,Jinzhou,41.107780,121.141670,0.000000,-2488930.987457,4119171.730190,4171448.204574
477,Mexicali,32.651940,-115.468330,0.000000,-2311486.279951,-4853033.394586,3421521.135138
478,Louisville,38.241940,-85.763064,0.000000,370576.501583,-5002141.410597,3926570.026980
479,Aguascalientes,21.883330,-102.300000,0.000000,-1261419.112687,-5785390.446452,2362429.261945
480,Nay-Pyi-Taw,19.745000,96.129720,0.000000,-641258.845303,5971095.461873,2141148.084811
481,Richmond,37.543207,-77.438159,0.000000,1101273.152838,-4942271.887086,3865366.456959
482,Zaozhuang,34.864720,117.554170,0.000000,-2423502.122084,4644777.206521,3625562.081595
483,Lille,50.632970,3.058580,0.000000,4047903.347702,216291.848647,4907746.586798
484,Yingkou,40.664820,122.228330,0.000000,-2583773.430848,4098467.009033,4134259.069135
485,Moradabad,28.833330,78.783330,0.000000,1087709.434733,5484958.072384,3057730.761124
486,Volgograd,48.719390,44.501840,0.000000,3006922.371843,2955084.207413,4770027.028901
487,Khulna,22.809780,89.564390,0.000000,44721.730318,5882135.462314,2457314.204203
488,Hubli-Dharwad,15.458722,75.010582,0.000000,1590343.521445,5939630.585536,1689075.083001
489,Al-Basrah-(Basra),30.497210,47.814910,0.000000,3693730.929028,4075748.573986,3217987.204991
490,Chifeng,42.264602,118.915236,0.000000,-2285711.927141,4137958.902914,4267398.905821
491,Nanyang--Henan,32.999941,112.525930,0.000000,-2051308.066686,4945963.517110,3453952.254782
492,Odesa,46.477470,30.732620,0.000000,3782059.699963,2248536.042424,4601954.858618
493,Xiangtan--Hunan,27.828265,112.926952,0.000000,-2198905.501043,5198714.743478,2959687.472997
494,Mendoza,-32.890840,-68.827170,0.000000,1936319.484271,-4999159.726788,-3443798.336252
495,Krasnoyarsk,56.009720,92.791670,0.000000,-174067.359450,3569702.555793,5265045.908590
496,Freetown,8.484000,-13.229940,0.000000,6141360.316264,-1443829.196218,934755.633339
497,Puning,23.296655,116.164678,0.000000,-2584507.837662,5260597.593047,2506927.018180
498,Sulaimaniya,35.561667,45.440833,0.000000,3644650.455875,3701170.260933,3688735.004788
499,Salem,11.650000,78.166670,0.000000,1281165.704725,6114822.155692,1279506.601121
500,Baoji,34.365118,107.200449,0.000000,-1558569.308374,5034784.252570,3579950.062645
501,Bhubaneswar,20.233330,85.833330,0.000000,435000.012153,5971126.337054,2191951.347483
502,Vientiane,17.966670,102.600000,0.000000,-1323921.269244,5922883.284722,1954875.226304
503,Pingdingshan--Henan,33.741660,113.304003,0.000000,-2100381.431080,4876093.345468,3522653.458247
504,Antwerpen,51.219890,4.403460,0.000000,3991172.281553,307346.418622,4948901.733799
505,Rotterdam,51.922500,4.479170,0.000000,3929711.779543,307837.561511,4997488.451520
506,Cuernavaca,18.916670,-99.250000,0.000000,-970207.162926,-5957295.387324,2054625.364042
507,Xinxiang,35.298867,113.901477,0.000000,-2111451.820039,4764430.264003,3664977.092869
508,Oslo,59.912730,10.746090,0.000000,3149305.260011,597691.625737,5495607.772692
509,Solapur,17.683330,75.916670,0.000000,1479133.847905,5895938.329913,1925021.035803
510,Zhangjiakou,40.810000,114.879440,0.000000,-2033884.320889,4385748.948314,4146474.890132
511,Perm,58.017410,56.285520,0.000000,1879646.934540,2816869.216136,5386763.560589
512,Tanger,35.784722,-5.812778,0.000000,5153366.148527,-524621.023103,3708839.707178
513,Huaibei,33.954851,116.792878,0.000000,-2387284.830913,4727480.755751,3542292.703728
514,Ruian,27.780759,120.675519,0.000000,-2881003.374432,4856888.737554,2955030.844803
515,Jiaxing,30.766487,120.748231,0.000000,-2804439.145277,4714169.631900,3243674.367901
516,Jinhua,29.080651,119.646369,0.000000,-2759377.847945,4848243.443831,3081715.637711
517,Pointe-Noire,-4.776090,11.863520,0.000000,6220369.069038,1306701.552712,-527513.403130
518,Seongnam,37.438610,127.137780,0.000000,-3061261.054940,4042169.904700,3856155.385447
519,Nouakchott,18.085810,-15.978500,0.000000,5830645.403289,-1669543.097307,1967414.457396
520,Dongying,37.453273,118.578519,0.000000,-2425087.471229,4451895.572527,3857447.412916
521,Nice-Cannes,43.664600,7.153390,0.000000,4585312.793925,575470.431434,4381207.952916
522,Bandar-Lampung,-5.425400,105.258000,0.000000,-1671038.310042,6125926.878549,-599031.346942
523,Jingzhou--Hubei,30.327567,112.248367,0.000000,-2086211.870672,5099795.799549,3201768.388709
524,Hartford,41.763711,-72.685093,0.000000,1418031.521484,-4548606.588158,4226062.842690
525,Yueyang,29.372239,113.115285,0.000000,-2183825.193329,5116124.089297,3109920.698947
526,Teresina,-5.089170,-42.801940,0.000000,4661356.162620,-4316756.313263,-562006.297062
527,Tengzhou,35.084539,117.162387,0.000000,-2385303.656222,4648802.995353,3645544.706634
528,Dnipropetrovsk,48.450000,34.983330,0.000000,3472601.268474,2430036.190644,4750210.382500
529,Lomé,6.137480,1.212270,0.000000,6340400.117616,134170.860074,677376.037950
530,Managua,12.132820,-86.250400,0.000000,407848.979155,-6223238.667292,1331770.488342
531,Jalandhar,31.325556,75.579167,0.000000,1358103.853051,5281491.987429,3296779.208280
532,Da-Nang,16.051264,108.212426,0.000000,-1916204.271728,5823911.212421,1752179.924912
533,Cebu-City,10.316720,123.890710,0.000000,-3499392.054165,5209469.157344,1134731.084753
534,Aba,5.106580,7.366670,0.000000,6300549.610657,814571.833791,563923.931759
535,Goyang,37.656390,126.835000,0.000000,-3031026.576621,4046501.087706,3875319.268393
536,Chihuahua,28.633330,-106.083330,0.000000,-1552068.333057,-5383144.697408,3038293.908251
537,Bridgeport-Stamford,41.167040,-73.204830,0.000000,1389392.063432,-4603290.957061,4176404.737536
538,Toulouse,43.604260,1.443670,0.000000,4624441.145666,116545.759844,4376355.826015
539,Matola,-25.962220,32.458890,0.000000,4841721.118161,3079634.872059,-2775298.672811
540,Zamboanga-City,6.910333,122.075045,0.000000,-3362537.039182,5365533.288278,762290.674833
541,Donetsk,48.023000,37.802240,0.000000,3376874.360563,2619583.713186,4718585.906058
542,Saltillo,25.416670,-101.000000,0.000000,-1099890.506142,-5658446.120500,2720834.947573
543,Diyarbakir,37.915830,40.218890,0.000000,3847065.018517,3253196.727123,3898076.726625
544,Oklahoma-City,35.467500,-97.516389,0.000000,-680276.612732,-5155817.222214,3680230.838178
545,Suzhou--Anhui,33.635918,116.974726,0.000000,-2411202.475373,4737416.277545,3512894.563828
546,New-Orleans,29.954650,-90.075070,0.000000,-7246.511726,-5530761.962027,3166018.290246
547,Tampico,22.216670,-97.850000,0.000000,-806840.693146,-5852095.192999,2396640.459226
548,Morelia,19.700780,-101.184430,0.000000,-1165180.378866,-5892995.258316,2136540.067068
549,Bahawalpur,29.400000,71.683330,0.000000,1747713.119364,5279443.243309,3112601.866723
550,Buffalo,42.887934,-78.871593,0.000000,903363.272414,-4592427.708337,4318387.257194
551,Tucson,32.214476,-110.918192,0.000000,-1928492.301348,-5045414.659964,3380576.015999
552,Johor-Bahru,1.465500,103.757800,0.000000,-1516343.274731,6193131.577888,162029.246743
553,Voronezh,51.672040,39.184300,0.000000,3072294.577343,2504300.787356,4980254.206310
554,San-Miguel-de-Tucumán,-26.824140,-65.222600,0.000000,2387035.325145,-5171373.889913,-2860839.437814
555,Jieyang,23.552629,116.372145,0.000000,-2598533.266735,5241107.590815,2532939.678419
556,Valparaíso,-33.039320,-71.627250,0.000000,1686968.660790,-5079279.123213,-3457614.181577
557,Lilongwe,-13.966920,33.787250,0.000000,5145203.474560,3442755.682904,-1529429.960690
558,Kayseri,38.732220,35.485280,0.000000,4056649.946431,2892008.109988,3969170.095391
559,Ulsan,35.537220,129.316670,0.000000,-3292223.310730,4019924.072316,3686528.176644
560,Padang,-0.949240,100.354270,0.000000,-1146211.835693,6273413.292315,-104956.794129
561,Acapulco-de-Juárez,16.863360,-99.890100,0.000000,-1048689.434335,-6014855.604153,1838366.686236
562,Kermanshah,34.314170,47.065000,0.000000,3592270.060330,3861010.480770,3575283.502453
563,Fuyang,32.889497,115.815213,0.000000,-2334615.388380,4826113.272500,3443673.267691
564,Bordeaux,44.840440,-0.580500,0.000000,4529877.780503,-45896.644633,4474791.400742
565,Jixi--Heilongjiang,45.295804,130.970134,0.000000,-2946747.153261,3393415.682456,4510532.581247
566,Najaf,31.997314,44.331352,0.000000,3872844.104522,3783489.795849,3360177.973555
567,Southampton/Portsmouth-(South-Hampshire),50.911698,-1.403570,0.000000,4028449.712181,-98704.346305,4927355.363270
568,Adan-(Aden),12.798803,45.035902,0.000000,4395931.886238,4401444.394266,1403708.237237
569,Veracruz,19.200000,-96.133330,0.000000,-643783.801136,-5991051.217904,2084268.819166
570,Liuan,31.754268,116.498142,0.000000,-2422003.222671,4858181.459028,3337292.137238
571,El-Paso,31.777576,-106.442456,0.000000,-1536148.632842,-5205142.109579,3339489.426935
572,Wenling,28.375791,121.378138,0.000000,-2924184.785694,4794696.648194,3013211.436989
573,Bucheon,37.498890,126.783060,0.000000,-3033740.355833,4057785.083827,3861465.346825
574,Liverpool,53.410580,-2.977940,0.000000,3804942.687327,-197939.624802,5097910.168812
575,Yueqing,28.119400,120.961200,0.000000,-2896135.321878,4827380.423808,2988181.150624
576,Bishkek,42.870000,74.590000,0.000000,1244065.512939,4513474.321682,4316927.318432
577,Samarinda,-0.500000,117.150000,0.000000,-2910370.629828,5675145.080571,-55286.436406
578,McAllen,26.216263,-98.236385,0.000000,-820260.188881,-5666718.043986,2800576.191149
579,Ma'anshan,31.707085,118.503768,0.000000,-2591857.394447,4772858.939588,3332842.379717
580,Wahran-(Oran),35.691110,-0.641670,0.000000,5185742.340629,-58078.874915,3700408.904163
581,Ilorin,8.500000,4.550000,0.000000,6288656.589860,500450.267831,936505.808022
582,Malang,-7.979700,112.630400,0.000000,-2430604.787229,5830431.652425,-879556.385933
583,Huzhou,30.870300,120.093300,0.000000,-2747414.293737,4740815.989996,3253558.557152
584,Mersin,36.800000,34.633333,0.000000,4207267.981000,2906013.725122,3799643.049452
585,Warangal,18.000000,79.583330,0.000000,1097109.702052,5967900.891162,1958383.976685
586,Palermo,38.115820,13.359760,0.000000,4888531.585892,1160984.930447,3915565.393259
587,Reynosa,26.083330,-98.283330,0.000000,-825838.024000,-5672467.127711,2787355.965810
588,San-Pedro-Sula,15.500000,-88.033330,0.000000,210975.312877,-6144013.633180,1693476.953000
589,Cúcuta,7.893910,-72.507820,0.000000,1899065.413946,-6025933.661610,870159.291267
590,Mudanjiang,44.583330,129.600000,0.000000,-2900414.044490,3505998.310001,4454486.884042
591,Arequipa,-16.398890,-71.535000,0.000000,1938454.473910,-5805212.354928,-1789116.357325
592,Saharanpur,29.966670,77.550000,0.000000,1192221.001407,5400058.266450,3167172.672587
593,Honolulu,21.308950,-157.826182,0.000000,-5505066.003423,-2243641.814776,2303295.883890
594,Uyo,5.051270,7.933500,0.000000,6292719.104521,876937.341628,557831.603622
595,La-Plata,-34.921450,-57.954530,0.000000,2777871.788500,-4437683.636425,-3630724.179514
596,Weihai,37.501670,122.113610,0.000000,-2693238.839296,4291125.917694,3861710.130231
597,Cancún,21.174290,-86.846560,0.000000,327316.890275,-5941110.759747,2289399.254892
598,Villahermosa,17.983330,-92.916670,0.000000,-308785.395773,-6060615.378789,1956629.156441
599,Rajshahi,24.366670,88.600000,0.000000,142031.779970,5811572.801466,2615331.181144
600,Bengbu,32.940830,117.360830,0.000000,-2462518.158837,4758638.709482,3448452.387641
601,Campo-Grande,-20.456697,-54.618515,0.000000,3461572.362608,-4874240.482033,-2215137.310033
602,Bergamo,45.697980,9.668950,0.000000,4399014.507780,749483.958388,4541863.785633
603,Jerusalem,31.769040,35.216330,0.000000,4434230.587917,3129898.676961,3338684.803128
604,Masqat-(Muscat),23.613870,58.592200,0.000000,3047131.160416,4990474.376701,2539155.771712
605,Mwanza,-2.516670,32.900000,0.000000,5350078.211155,3461120.814654,-278191.214756
606,Bien-Hoa,10.950000,106.816670,0.000000,-1811883.013897,5994941.821063,1203576.282771
607,Bukavu,-2.508330,28.860830,0.000000,5580620.652237,3075692.198773,-277269.894267
608,Siliguri,26.716110,88.423610,0.000000,156835.566364,5698937.773280,2850152.632054
609,Shiyan,32.644469,110.783587,0.000000,-1907560.240019,5026024.409116,3420823.521994
610,Albuquerque,35.110703,-106.609991,0.000000,-1493129.184052,-5005414.070323,3647919.615148
611,Aracaju,-10.911110,-37.071670,0.000000,4997600.255885,-3775772.361651,-1199352.541446
612,Dushanbe,38.535750,68.779050,0.000000,1808233.249784,4656852.476546,3952133.345035
613,Dandong,40.119831,124.373852,0.000000,-2757540.038471,4031230.963457,4088168.168831
614,Liuyang,28.150000,113.633330,0.000000,-2256121.898389,5155881.504112,2991171.599130
615,Concepción,-36.826990,-73.049770,0.000000,1490218.049338,-4889470.187409,-3802040.970538
616,Tainan,23.131587,120.259004,0.000000,-2957142.490699,5068865.361007,2490126.285661
617,Saratov,51.540560,46.008610,0.000000,2760916.893592,2859873.058848,4971169.044711
618,Dehradun,30.316670,78.033330,0.000000,1142586.280592,5390864.033726,3200725.626633
619,Leshan,29.576174,103.758960,0.000000,-1320378.958833,5392290.857456,3129599.991819
620,Pizhou,34.311390,117.950280,0.000000,-2471887.315135,4658692.174257,3575028.789122
621,Pingxiang--Jiangxi,27.634816,113.847689,0.000000,-2286193.851133,5171832.481017,2940712.724046
622,Jos,9.916670,8.900000,0.000000,6207810.994948,972117.259393,1091170.215894
623,Valencia,39.469750,-0.377390,0.000000,4930232.918600,-32474.425252,4032710.392785
624,Liupanshui,26.592289,104.837711,0.000000,-1461524.239174,5516941.933222,2837891.434064
625,Blantyre-Limbe,-15.784990,35.008540,0.000000,5028357.444325,3522010.850345,-1723844.508763
626,Krasnodar,45.048800,38.972500,0.000000,3509207.853266,2838912.793875,4491180.397764
627,Québec,46.812280,-71.214540,0.000000,1408193.245261,-4139983.977596,4627506.191354
628,Kaifeng,34.791110,114.348330,0.000000,-2161881.158933,4777287.578656,3618858.765538
629,Hermosillo,29.084507,-110.967187,0.000000,-1996097.344728,-5208925.827348,3082089.140524
630,Asmara,15.333330,38.933330,0.000000,4785921.858456,3866350.989023,1675698.059193
631,Zunyi,27.711309,106.936512,0.000000,-1646106.115233,5405586.244655,2948219.621527
632,Ganzhou,25.850000,114.933330,0.000000,-2421285.552659,5208277.655422,2764115.534084
633,Londrina,-23.310280,-51.162780,0.000000,3675237.245218,-4564997.457253,-2508312.866949
634,Trujillo,-8.115990,-79.029980,0.000000,1201653.139846,-6199286.026351,-894481.065610
635,Birmingham,33.515744,-86.801056,0.000000,297045.712767,-5314809.353420,3501789.393834
636,Bangui,4.361220,18.554960,0.000000,6029200.698846,2023775.284668,481782.408944
637,Bhiwandi,19.300000,73.066670,0.000000,1753928.720868,5760808.890241,2094719.415622
638,Santa-Fe,-31.632717,-60.698281,0.000000,2660193.713341,-4740076.212402,-3325824.316855
639,Newcastle-upon-Tyne,54.973280,-1.613960,0.000000,3667572.943987,-103338.888329,5199675.404885
640,Fuxin,42.015560,121.658890,0.000000,-2490906.997111,4039602.336041,4246886.933144
641,Liaoyang,41.271940,123.173060,0.000000,-2626809.716252,4018308.377834,4185167.756765
642,Tasikmalaya,-7.327905,108.216618,0.000000,-1977694.180349,6009316.247280,-808114.390342
643,Xintai,35.900560,117.751940,0.000000,-2408534.356162,4577494.686575,3719258.651555
644,Bologna,44.493810,11.338750,0.000000,4468241.224605,895985.724023,4447396.373835
645,Lattakia,35.514840,35.776840,0.000000,4216694.855897,3038585.936053,3684507.329668
646,Omaha,41.258611,-95.937778,0.000000,-496727.854426,-4775936.347594,4184055.073608
647,Tuxtla-Gutierrez,16.750000,-93.116670,0.000000,-332154.099896,-6100181.861438,1826357.320500
648,Luzhou,28.877528,105.440814,0.000000,-1488138.799525,5387660.590406,3062021.162859
649,Ansan,37.323610,126.821940,0.000000,-3043576.461602,4065186.331203,3846013.520927
650,Soshanguve,-25.472880,28.099190,0.000000,5082569.491853,2713747.031407,-2726457.852205
651,Laiwu,36.207444,117.672021,0.000000,-2392839.817465,4563100.964896,3746788.258558
652,Luohe,33.573149,114.024063,0.000000,-2165711.135749,4858774.079911,3507096.039466
653,Nnewi,6.019860,6.914780,0.000000,6297058.559916,763676.042733,664441.966401
654,Culiacán,24.799440,-107.389720,0.000000,-1731460.858142,-5528574.247195,2658922.573746
655,Bouake,7.693850,-5.030310,0.000000,6296749.561282,-554250.895057,848238.121169
656,Guigang,23.096390,109.609170,0.000000,-1969961.412205,5529493.777500,2486541.275913
657,Hargeysa,9.560000,44.065000,0.000000,4519786.407056,4374627.112432,1052288.879046
658,Kraków-(Cracow),50.066777,19.942468,0.000000,3856185.826131,1399153.423083,4867558.770433
659,Winnipeg,49.895451,-97.129437,0.000000,-510936.912382,-4084934.495510,4855304.770295
660,Astana,51.180100,71.445980,0.000000,1274843.216947,3798200.176586,4946127.934028
661,Abomey-Calavi,6.448520,2.355660,0.000000,6332693.156266,260509.294068,711565.895650
662,Guntur,16.300000,80.450000,0.000000,1015919.607053,6038519.716500,1778615.485945
663,Nottingham,52.953600,-1.150470,0.000000,3850024.802183,-77316.923690,5067432.891648
664,Zaporizhzhya,47.822890,35.190310,0.000000,3506239.850824,2472492.175346,4703675.541562
665,Huangshi,30.206780,115.085462,0.000000,-2338937.806840,4996397.418122,3190203.590494
666,Bujumbura,-3.382200,29.364400,0.000000,5549046.257206,3122185.950396,-373771.416373
667,Shimkent,42.300000,69.600000,0.000000,1646875.815135,4428315.616000,4270307.926724
668,Ashgabat,37.950000,58.383330,0.000000,2639958.337411,4288394.850336,3901068.150950
669,Banghazi,32.116670,20.066670,0.000000,5078940.777526,1855278.926371,3371395.009162
670,Hamilton,43.249459,-79.847539,0.000000,820176.617323,-4580151.167905,4347727.903741
671,Hufuf-Mubarraz,25.410000,49.580830,0.000000,3737666.355952,4388767.209471,2720167.550294
672,Xingtai,37.063060,114.494170,0.000000,-2112712.334685,4637174.451563,3822978.919702
673,Shaoguan,24.800000,113.583330,0.000000,-2317813.392538,5309475.446318,2658978.884340
674,Chenzhou,25.800000,113.033330,0.000000,-2248217.133887,5287913.044207,2759129.482923
675,Changzhi,36.192128,113.115533,0.000000,-2023169.788891,4739694.203591,3745416.822243
676,Orumiyeh,37.552740,45.076050,0.000000,3575211.870417,3584715.411414,3866205.323068
677,Ipoh,4.583333,101.083300,0.000000,-1222212.019875,6239292.275222,506269.086222
678,Thessaloniki,40.640280,22.943890,0.000000,4463265.370392,1889387.451979,4132191.608249
679,Al-Raqqa,35.950000,39.016670,0.000000,4016319.873533,3254286.961772,3723700.911969
680,Lvov,49.837969,24.032508,0.000000,3764364.891586,1678563.047857,4851183.712758
681,Yibin,28.766670,104.623830,0.000000,-1412662.611286,5414063.055960,3051256.528366
682,Dayton,39.758406,-84.192906,0.000000,496781.639948,-4884708.529037,4057399.267396
683,Rochester,43.156924,-77.604633,0.000000,1000308.218556,-4551417.487363,4340234.258718
684,Jiaozuo,35.239720,113.233060,0.000000,-2057221.876926,4792219.675543,3659619.491322
685,Haicheng,40.855239,122.743396,0.000000,-2613044.758645,4063462.406167,4150276.027418
686,Puducherry,11.930000,79.830000,0.000000,1102016.486629,6143204.112324,1309826.893140
687,Xalapa,19.537714,-96.913656,0.000000,-723822.826184,-5969419.924101,2119536.716002
688,Tolyatti,53.530300,49.346100,0.000000,2475251.950979,2882433.775669,5105841.257331
689,Maiduguri,11.846440,13.160270,0.000000,6079205.561445,1421418.172943,1300781.632068
690,Sorocaba,-23.501670,-47.458060,0.000000,3956829.102046,-4311780.500155,-2527765.059112
691,Zhangzhou,24.513300,117.655600,0.000000,-2695161.642072,5143206.466010,2630117.279298
692,Changshu,31.653905,120.746654,0.000000,-2778244.415134,4670429.708380,3327824.379510
693,Chişinău,47.005560,28.857500,0.000000,3816164.911570,2102944.406483,4642185.074577
694,Tianmen,30.653449,113.160506,0.000000,-2159922.255784,5049085.263650,3232899.902698
695,Gorakhpur,26.759877,83.371379,0.000000,657844.730280,5660817.708982,2854483.462545
696,Bobo-Dioulasso,11.177150,-4.297900,0.000000,6240347.001217,-468984.034876,1228235.523307
697,Ad-Dawhah-(Doha),25.274724,51.524472,0.000000,3590655.389635,4518032.121771,2706624.070872
698,Zhucheng,35.994720,119.397500,0.000000,-2535980.011174,4501098.674351,3727716.711049
699,Meknès,33.893520,-5.547270,0.000000,5275031.752735,-512320.478073,3536647.819699
700,Owerri,5.483330,7.030410,0.000000,6301405.857852,777110.495057,605408.488444
701,Sargodha,32.083333,72.666667,0.000000,1611550.766517,5163511.504241,3368263.489519
702,Frankfurt-am-Main,50.116670,8.683330,0.000000,4050942.233533,618675.117959,4871119.198643
703,Safaqis,34.748471,10.756162,0.000000,5154202.948577,979130.317452,3614973.131013
704,Nyala,12.050000,24.883330,0.000000,5659365.286865,2624988.818468,1322811.951067
705,Allentown-Bethlehem,40.609080,-75.475962,0.000000,1216051.583964,-4693997.563123,4129561.966757
706,Changde,29.046380,111.678300,0.000000,-2061349.652284,5185658.953163,3078395.449322
707,Fresno,36.754529,-119.771119,0.000000,-2540448.972794,-4441063.341614,3795601.301213
708,Sekondi-Takoradi,4.934000,-1.713700,0.000000,6351815.544047,-190037.616328,544912.779610
709,Tulsa,36.131294,-95.937332,0.000000,-533486.825634,-5129754.197995,3739966.967207
710,Barcelona-Puerto-La-Cruz,10.216670,-64.616670,0.000000,2691060.908027,-5671619.244587,1123841.790426
711,Shangqiu,34.424422,115.651378,0.000000,-2279961.338852,4747716.149992,3585378.463087
712,Rasht,37.280770,49.583190,0.000000,3294347.749818,3868545.372068,3842231.533519
713,Libreville,0.392500,9.453650,0.000000,6291365.609769,1047582.256006,43400.059736
714,Colombo,6.931940,79.847780,0.000000,1116071.705103,6232683.229440,764662.788427
715,Ikorodu,6.608716,3.510823,0.000000,6324143.759422,388000.296973,729166.858001
716,Bikaner,28.016670,73.300000,0.000000,1619233.589865,5397186.633685,2978135.507596
717,Sheffield,53.382970,-1.465900,0.000000,3811306.852130,-97532.735015,5096077.938965
718,Eskisehir,39.776670,30.520560,0.000000,4228505.596560,2492824.419415,4058957.969708
719,Huludao,40.752420,120.835520,0.000000,-2480137.644215,4154611.432104,4141633.113248
720,Łódź,51.759433,19.459957,0.000000,3730027.704651,1317939.062852,4986278.538654
721,Zaria,11.111280,7.722700,0.000000,6202581.272386,841124.346199,1221086.656069
722,Xinyang,32.128856,114.074643,0.000000,-2205442.460315,4936188.097597,3372539.433278
723,Sevilla,37.382410,-5.976130,0.000000,5046760.102951,-528310.196499,3851201.018767
724,Florence,43.766670,11.250000,0.000000,4524799.963926,900038.672744,4389404.735608
725,Zaragoza,41.656060,-0.877340,0.000000,4771914.274876,-73075.513567,4217136.998546
726,Yangquan,37.855780,113.582568,0.000000,-2017260.891845,4621159.626198,3892816.304038
727,Linfen,36.088890,111.518890,0.000000,-1892800.030002,4800510.869373,3736165.709150
728,Zigong,29.341620,104.776890,0.000000,-1419227.404925,5380346.216219,3106962.669377
729,Firozabad,27.150000,78.416670,0.000000,1140367.075963,5563652.807573,2893014.094489
730,Ciudad-Guayana,8.351220,-62.641020,0.000000,2900285.315146,-5605035.535356,920228.626077
731,Ta'izz,13.579520,44.020910,0.000000,4459038.299791,4309189.223907,1487801.617727
732,Amravati,20.933330,77.750000,0.000000,1264516.241532,5824008.687121,2264501.703555
733,Panjin,41.121893,122.070073,0.000000,-2554799.885060,4077429.521307,4172629.023772
734,Cheongju,36.637220,127.489720,0.000000,-3118636.033116,4065795.834897,3785163.223597
735,Binzhou,37.381079,118.010852,0.000000,-2383147.743510,4480001.810387,3851083.638670
736,Qingyuan,23.714582,113.029707,0.000000,-2285725.155993,5377077.940538,2549372.045064
737,Genova-(Genoa),44.406320,8.933860,0.000000,4508627.804020,708762.320963,4440456.234461
738,Xinyu,27.804290,114.933350,0.000000,-2380092.742218,5119665.672714,2957337.648518
739,Cuttack,20.464970,85.879270,0.000000,429571.392228,5962578.623537,2215995.431252
740,Sarasota-Bradenton,27.336430,-82.530650,0.000000,737058.411192,-5621751.600580,2911380.353803
741,Tshikapa,-6.416210,20.799950,0.000000,5925347.304560,2250822.377180,-708015.284863
742,Cagayan-de-Oro-City,8.482220,124.647220,0.000000,-3586707.329123,5190071.892316,934560.921985
743,Karbala,32.598333,44.023889,0.000000,3867485.031663,3737904.399337,3416514.276183
744,Zagreb,45.814440,15.977980,0.000000,4281096.373096,1225804.226912,4550895.065271
745,Jiangyin,31.915679,120.280960,0.000000,-2732482.967276,4679653.438178,3352497.650155
746,Chengde,40.967162,117.932222,0.000000,-2259213.397299,4261115.113521,4159669.157475
747,Cotonou,6.365360,2.418330,0.000000,6333429.741063,267479.125093,702426.829672
748,Jiujiang,29.704105,116.001302,0.000000,-2430697.755777,4983381.527600,3141925.114547
749,Zhuji,29.713158,120.236819,0.000000,-2791863.456343,4789819.077606,3142796.713588
750,Banjarmasin,-3.324420,114.591000,0.000000,-2649747.458997,5789953.115255,-367393.156506
751,Krivoi-Rog,47.910830,33.392491,0.000000,3576028.593091,2357284.035251,4710235.064445
752,Enugu,6.440200,7.494300,0.000000,6284010.971399,826669.755033,710651.615302
753,Xianyang--Shaanxi,34.338637,108.701548,0.000000,-1690457.746295,4993797.995689,3577524.895760
754,Bazhong,31.866216,106.732539,0.000000,-1560989.904470,5192334.974167,3347840.838754
755,Liaocheng,36.455124,115.982616,0.000000,-2250139.578535,4617024.685051,3768929.359000
756,Cape-Coral,26.639600,-81.982471,0.000000,795697.155608,-5649138.588445,2842577.882988
757,Ar-Rayyan,25.291940,51.424440,0.000000,3598029.993789,4511119.570137,2708348.518467
758,Jeonju,35.821940,127.148890,0.000000,-3126683.302801,4126892.240645,3712188.883418
759,Misratah,32.375350,15.092540,0.000000,5205899.655653,1403932.391987,3395656.017368
760,Guiping,23.393360,110.074370,0.000000,-2010336.240632,5501125.718490,2516760.215377
761,Sylhet,24.896670,91.871670,0.000000,-189069.278597,5785751.815251,2668695.748172
762,Jammu,32.727805,74.856879,0.000000,1403033.809348,5184357.950346,3428601.859897
763,Xiaogan,30.925566,113.917460,0.000000,-2220176.182533,5005993.274216,3258816.217135
764,Bur-Sa'id,31.256540,32.284120,0.000000,4613643.305638,2914834.801324,3290240.211697
765,Xinghua,32.937332,119.838732,0.000000,-2666055.899013,4647907.540170,3448126.809406
766,Jiamusi,46.797936,130.330183,0.000000,-2830872.247898,3334487.401749,4626414.730188
767,Oaxaca-de-Juárez,17.050000,-96.716670,0.000000,-713403.429517,-6057703.227128,1858123.920285
768,Malegaon,20.550000,74.533330,0.000000,1593328.957744,5758364.274907,2224812.576353
769,Panzhihua,26.585090,101.712760,0.000000,-1158674.834874,5588760.969767,2837178.161128
770,Baton-Rouge,30.450750,-91.154550,0.000000,-110883.820248,-5501983.447726,3213548.131965
771,Warri,5.516670,5.750000,0.000000,6316845.782882,636072.923797,609078.400226
772,Celaya,20.516670,-100.816670,0.000000,-1121504.049133,-5869851.150779,2221357.011004
773,Belgaum,15.852120,74.504470,0.000000,1639609.086203,5914031.000636,1730991.584689
774,Liège,50.633730,5.567490,0.000000,4034489.960568,393274.123408,4907800.210989
775,Mangalore,12.917230,74.856030,0.000000,1624363.562724,6001842.048670,1416481.199804
776,Padova,45.415190,11.881810,0.000000,4388753.336599,923400.288522,4519856.365038
777,Balikpapan,-1.267530,116.828870,0.000000,-2877926.374375,5690199.722460,-140144.974216
778,Ribeirão--Preto,-21.177500,-47.810280,0.000000,3995941.270515,-4408498.493899,-2289730.665136
779,Concord,37.977980,-122.031070,0.000000,-2669892.164829,-4267569.327309,3903516.646774
780,Kirkuk,35.468056,44.392222,0.000000,3716085.382762,3638071.591153,3680281.043100
781,Nellore,14.446250,79.984200,0.000000,1074434.228565,6083608.715895,1580841.519588
782,s-Gravenhage-(The-Hague),52.076700,4.298600,0.000000,3917180.304745,294438.010905,5008051.704768
783,Nampula,-15.116460,39.266600,0.000000,4768230.669880,3898112.079560,-1652543.449885
784,Oshogbo,7.766670,4.566670,0.000000,6299948.546257,503193.477872,856218.412866
785,Mar-Del-Plata,-38.002280,-57.557540,0.000000,2699574.078282,-4246888.273046,-3905642.362536
786,Yongzhou,26.435132,111.606348,0.000000,-2104428.986604,5313460.855298,2822310.388763
787,Bristol,51.455200,-2.596600,0.000000,3978457.730663,-180424.135782,4965256.772236
788,Bhavnagar,21.766670,72.150000,0.000000,1816508.211429,5640843.426883,2350437.628097
789,Bulawayo,-20.150000,28.583330,0.000000,5260070.201917,2865898.360558,-2183293.112194
790,Knoxville,35.960749,-83.927657,0.000000,546750.957229,-5139555.705152,3724666.363420
791,Springfield--Massachusett--Connecticut,42.101480,-72.589800,0.000000,1418093.292259,-4522319.732411,4253972.617568
792,Tianshui,34.580929,105.723718,0.000000,-1424628.239562,5060234.436167,3599686.108299
793,Yichun--Heilongjiang,47.724475,128.833670,0.000000,-2695382.775766,3348348.836762,4696321.612141
794,Yichun--Jiangxi,27.806158,114.389221,0.000000,-2331325.611255,5141949.885462,2957520.752244
795,Makhachkala,42.976380,47.502360,0.000000,3157391.681267,3445973.334285,4325581.166430
796,Anqing,30.542972,117.053300,0.000000,-2500555.865281,4896351.579126,3222357.545745
797,Uberlândia,-18.918610,-48.277220,0.000000,4016930.814236,-4504896.966358,-2054828.505606
798,Taixing,32.166670,120.013610,0.000000,-2703231.587466,4679567.015313,3376089.701162
799,Baishan,41.937333,126.422863,0.000000,-2821246.028217,3823449.853827,4240427.439435
800,Shaoyang,27.240329,111.470907,0.000000,-2077119.816061,5280937.917843,2901916.689505
801,Leiyang,26.416884,112.850257,0.000000,-2219630.270599,5267353.640161,2820499.866207
802,Ezhou,30.400061,114.884582,0.000000,-2316856.646944,4994759.373666,3208702.616169
803,Jimo,36.389720,120.462220,0.000000,-2606059.519976,4430889.533306,3763089.388558
804,Taif,21.270280,40.415830,0.000000,4527249.919636,3855148.993455,2299306.498426
805,Chongjin,41.795560,129.775830,0.000000,-3046762.090204,3659975.806022,4228700.745690
806,Columbia--South-Carolina,33.999477,-81.036538,0.000000,824718.658830,-5228646.884620,3546397.544669
807,Busto-Arsizio,45.611280,8.849140,0.000000,4416096.969712,687526.702657,4535128.236014
808,Deyang,31.130190,104.381980,0.000000,-1357311.409463,5293289.704361,3278256.769566
809,Venezia,45.435650,12.339589,0.000000,4379653.215151,958089.327348,4521452.290335
810,Wrocław,51.100000,17.033330,0.000000,3837328.786018,1175630.473990,4940536.879780
811,Zhaoqing,23.051160,112.459720,0.000000,-2243260.894998,5426497.986278,2481932.993987
812,Ogden-Layton,41.223000,-111.973830,0.000000,-1797689.729018,-4455296.038182,4181081.190723
813,Charleston-North-Charleston,32.789295,-79.986255,0.000000,933266.213124,-5285400.953457,3434336.563946
814,Tyumen,57.152220,65.527220,0.000000,1436557.216619,3156209.830098,5335112.145730
815,Stuttgart,48.782320,9.177020,0.000000,4156777.787259,671540.283128,4774641.133094
816,Gaza-(incl.-Ash-Shati-Camp),31.510618,34.458756,0.000000,4487619.550126,3079501.544659,3314289.917858
817,Durgapur,23.520444,87.311923,0.000000,274419.808090,5844906.649750,2529671.689552
818,Izhevsk,56.849760,53.204480,0.000000,2093972.386656,2799526.996162,5316768.176972
819,Langfang,39.509720,116.694720,0.000000,-2213621.677441,4402307.413534,4036135.107234
820,Riga,56.946000,24.105890,0.000000,3182934.028248,1424187.892918,5322621.134943
821,Jundiaí,-23.188254,-46.891347,0.000000,4008682.357679,-4282474.839560,-2495896.190689
822,Temecula-Murrieta,33.536350,-117.163050,0.000000,-2429549.707539,-4734900.799987,3503694.658085
823,Jamnagar,22.466670,70.066670,0.000000,2010419.694939,5543645.076512,2422246.039811
824,Bari,41.117730,16.851180,0.000000,4605378.808465,1394935.840899,4172280.736234
825,Hegang,47.344338,130.293701,0.000000,-2799984.895542,3302364.788547,4667787.172448
826,Suining--Sichuan,30.523613,105.563901,0.000000,-1475453.480156,5297364.041184,3220508.979121
827,General-Santos-City,6.112780,125.171670,0.000000,-3653234.840518,5184230.648524,674660.135235
828,Barnaul,53.360560,83.763610,0.000000,414378.074484,3791982.262331,5094589.919243
829,Colorado-Springs,38.863443,-104.791914,0.000000,-1269615.418337,-4808048.864065,3980523.268373
830,Nantes,47.217250,-1.553360,0.000000,4338396.304700,-117648.157479,4658201.860003
831,Provo-Orem,40.233840,-111.658530,0.000000,-1799596.614941,-4531731.435365,4097840.617014
832,Albany,42.660000,-73.780000,0.000000,1312171.306316,-4510645.719195,4299800.826984
833,Neijiang,29.583540,105.062160,0.000000,-1442570.477855,5360477.287794,3130310.064810
834,Ibagué,4.438890,-75.232220,0.000000,1620955.385273,-6149069.050548,490345.903793
835,Tongliao,43.612500,122.265280,0.000000,-2469158.633518,3911067.993833,4377018.714179
836,Nanded-Waghala,19.161775,77.313728,0.000000,1323589.337653,5879797.517124,2080272.428521
837,Mission-Viejo,33.600020,-117.672000,0.000000,-2469699.331552,-4709674.823737,3509578.859484
838,Gebze,40.802760,29.430680,0.000000,4210987.311981,2375741.060933,4145866.322357
839,Maoming,21.662659,110.923448,0.000000,-2117856.919169,5539315.797306,2339738.118294
840,Verona,45.434190,10.997790,0.000000,4401001.024515,855291.772602,4521338.426079
841,Belfast,54.594668,-5.929812,0.000000,3683645.288387,-382604.948298,5175370.981554
842,Bakersfield,35.357276,-119.031661,0.000000,-2527205.658804,-4553264.057475,3670264.055650
843,Jambi,-1.600000,103.616670,0.000000,-1500990.218149,6196461.188636,-176896.265274
844,Wuzhou,23.483239,111.274132,0.000000,-2123642.977287,5454137.202282,2525893.002891
845,Pontianak,-0.033330,109.333330,0.000000,-2111566.467810,6018461.552277,-3685.439485
846,Liling,27.666670,113.500000,0.000000,-2254114.419363,5184108.247989,2943839.451821
847,Duesseldorf,51.221720,6.776160,0.000000,3974868.906361,472297.098705,4949029.247709
848,Kumamoto,32.789720,130.741670,0.000000,-3502860.791923,4066465.460702,3434376.186872
849,Ulyanovsk,54.328240,48.386570,0.000000,2475500.963447,2786907.819892,5158132.824611
850,Danyang,32.000797,119.574455,0.000000,-2672106.970471,4708645.743220,3360505.508871
851,Pereira,4.813330,-75.696110,0.000000,1570292.350073,-6158755.282687,531617.066093
852,Dezhou,37.451765,116.300973,0.000000,-2246297.598948,4544843.502623,3857314.547316
853,Pachuca-de-Soto,20.116970,-98.733290,0.000000,-909703.960894,-5921927.984811,2179859.939357
854,Yuyao,30.042582,121.153060,0.000000,-2858688.611697,4728995.118503,3174459.965732
855,Chiclayo,-6.773610,-79.841670,0.000000,1117104.825629,-6234620.659984,-747278.159056
856,Larkana,27.550000,68.216667,0.000000,2100025.799407,5254871.668749,2932382.981672
857,Linhai,28.852887,121.140343,0.000000,-2891164.771975,4785117.557535,3059629.425656
858,Tartus,34.893201,35.888440,0.000000,4242979.281697,3070100.321534,3628154.125417
859,Anyang,37.392500,126.926940,0.000000,-3048233.872851,4055893.138492,3852090.782953
860,Be'er-Sheva,31.251810,34.791300,0.000000,4481942.107145,3114021.722516,3289791.887412
861,Gulbarga,17.333333,76.833333,0.000000,1387275.152484,5930194.216384,1888079.777800
862,Bokaro-Steel-City,23.787320,85.956220,0.000000,411792.974214,5824948.771404,2556745.802802
863,Cherthala,9.683497,76.336654,0.000000,1485295.410424,6109911.011643,1065756.144399
864,Kolhapur,16.695630,74.231670,0.000000,1660640.366949,5880984.245196,1820594.864915
865,Zhoushan,29.988548,122.213475,0.000000,-2947314.268672,4677815.476249,3169273.449136
866,Agadir,30.424847,-9.593695,0.000000,5427570.834923,-917390.551280,3211072.295192
867,Jhansi,25.433330,78.583330,0.000000,1140853.927653,5649521.188134,2722501.781233
868,Huaihua,27.549440,109.959170,0.000000,-1931696.823133,5319084.210503,2932327.963250
869,Vladivostok,43.105620,131.873530,0.000000,-3113127.875078,3472864.105360,4336074.729281
870,Erode,11.342800,77.727410,0.000000,1329446.731731,6111438.488913,1246206.449899
871,Kitwe,-12.816667,28.200000,0.000000,5481925.640811,2939382.738659,-1405635.307566
872,Erduosi-(Ordoss),39.591741,109.766573,0.000000,-1664470.990409,4631722.749475,4043156.745030
873,Gold-Coast,-28.000290,153.430880,0.000000,-5040547.014457,2520720.962121,-2976532.885777
874,Yanji,42.907500,129.507780,0.000000,-2976670.896315,3609991.708147,4319979.572010
875,Bozhou,33.870279,115.776985,0.000000,-2305368.559927,4773776.630863,3534507.679487
876,Seregno,45.652380,9.200340,0.000000,4408576.282156,714060.397656,4538322.499975
877,Kingston,17.997020,-76.793580,0.000000,1386296.976760,-5907529.793274,1958070.289516
878,Muzaffarnagar,29.466670,77.683330,0.000000,1185512.228460,5429659.777739,3119037.935260
879,Niigata,37.913894,139.032723,0.000000,-3804345.099749,3303254.019237,3897907.197749
880,Jincheng,35.486475,112.851484,0.000000,-2019108.371333,4791212.995767,3681945.256367
881,Cuiabá,-15.596110,-56.096670,0.000000,3427519.736730,-5100047.156906,-1703722.738596
882,Göteborg,57.703161,11.966273,0.000000,3341822.156039,708270.453336,5368144.338373
883,Durango,24.033330,-104.666670,0.000000,-1475733.913620,-5638524.303266,2581654.749637
884,Grand-Rapids,42.956393,-85.664883,0.000000,353401.980512,-4661878.358466,4323956.382924
885,Raurkela,22.224891,84.861750,0.000000,529036.134283,5883371.774677,2397483.189524
886,Macao,22.200560,113.546110,0.000000,-2360220.134988,5416210.668255,2394988.891037
887,As-Suways,29.968133,32.547497,0.000000,4661507.065481,2975143.041100,3167313.167473
888,Irkutsk,52.297780,104.296390,0.000000,-965230.175873,3787745.925237,5023133.392926
889,Catania,37.502130,15.087190,0.000000,4891629.537146,1318689.739026,3861750.633093
890,Kunshan-,31.388114,120.962872,0.000000,-2803776.349442,4673124.106555,3302702.327330
891,Tabuk,28.383330,36.583330,0.000000,4509314.996785,3346877.715608,3013946.537369
892,Umuahia,5.526270,7.489590,0.000000,6294524.009845,827526.368400,610135.086046
893,Ajmer,26.450000,74.633330,0.000000,1514259.504095,5510001.986649,2823785.347363
894,Sialkot,32.500000,74.516667,0.000000,1437427.640358,5189057.615249,3407322.283131
895,Salta,-24.785900,-65.411660,0.000000,2410856.671827,-5268600.160610,-2657560.987912
896,New-Haven,41.301900,-72.929857,0.000000,1408570.115033,-4587132.740925,4187667.969499
897,Santiago,19.460205,-70.699686,0.000000,1988408.136577,-5677902.575748,2111448.709341
898,Yulin--Guangxi,22.633869,110.153301,0.000000,-2029241.739070,5529220.054402,2439345.661751
899,Nasiriyah,31.033333,46.266667,0.000000,3781485.669597,3952492.486319,3269059.909717
900,Yaroslavl,57.629870,39.873680,0.000000,2626976.726337,2194443.851192,5363778.632392
901,Dortmund,51.516670,7.450000,0.000000,3943621.622980,515686.929741,4969515.463641
902,Toulon,43.123989,5.933225,0.000000,4637569.683086,481964.349327,4337564.413262
903,Hamhung,39.918330,127.536390,0.000000,-2984503.745586,3884370.334313,4071033.752474
904,Heze,35.245103,115.459799,0.000000,-2241717.906414,4708358.289530,3660107.249086
905,Dongtai,32.852310,120.309470,0.000000,-2706736.759440,4630267.781813,3440209.439565
906,Hanchuan,30.651646,113.832908,0.000000,-2219067.528378,5023483.329539,3232727.945070
907,Malaga,36.720160,-4.420340,0.000000,5103394.759218,-394507.306881,3792544.798776
908,Gaomi,36.383330,119.752780,0.000000,-2551206.340625,4463182.638488,3762518.560591
909,Sukkur,27.700000,68.866667,0.000000,2037498.514801,5271168.074196,2947110.100777
910,Khabarovsk,48.482720,135.083790,0.000000,-2999452.396855,2990692.334785,4752622.887160
911,São-José-dos-Campos,-23.179440,-45.886940,0.000000,4083402.747072,-4211823.297266,-2494998.895787
912,Zhangqiu,36.701031,117.527110,0.000000,-2366250.310179,4540278.148494,3790843.034409
913,Zanzibar,-6.163940,39.197930,0.000000,4914459.965816,4007840.100174,-680285.325568
914,Xiantao,30.371768,113.448402,0.000000,-2191574.274514,5052714.250154,3205996.924339
915,Al-Hudaydah,14.797810,42.954520,0.000000,4514282.828312,4202942.459850,1618479.999400
916,Kuerle,41.764562,86.147227,0.000000,320137.623206,4753687.763712,4226133.335800
917,Dazhou,31.215920,107.500920,0.000000,-1641823.334419,5206906.822068,3286389.399451
918,Akron,41.081440,-81.519010,0.000000,710070.797537,-4762002.070874,4169243.694597
919,Kurnool,15.826681,78.035199,0.000000,1272447.435918,6004530.741142,1728283.465089
920,Essen,51.453740,7.010388,0.000000,3952899.502888,486082.530320,4965155.553011
921,Samsun,41.283333,36.333333,0.000000,3866711.041735,2843846.535781,4186118.680677
922,Qujing,25.489377,103.797682,0.000000,-1373939.137553,5594655.254641,2728107.620902
923,Bogra,24.850000,89.366670,0.000000,64010.799169,5790660.891364,2664005.607296
924,Hamadan,34.799220,48.514560,0.000000,3473230.978454,3927784.273587,3619597.594697
925,Zhumadian,32.979440,114.029440,0.000000,-2180879.073996,4891568.797700,3452045.190447
926,Kuching,1.550000,110.333330,0.000000,-2215476.365213,5978520.309664,171369.599849
927,Buraydah,26.325990,43.974970,0.000000,4116644.027342,3971922.923967,2811477.387851
928,Quzhou,28.959440,118.868610,0.000000,-2696459.953400,4890960.066085,3069967.796880
929,Wuhai,39.664720,106.812220,0.000000,-1422043.447385,4706407.165665,4049397.416175
930,Bacolod,10.650723,122.945983,0.000000,-3409367.539225,5260817.257801,1171058.720171
931,Maturin,9.750000,-63.176670,0.000000,2836777.275129,-5610187.071100,1073006.244637
932,Denizli,37.774170,29.087500,0.000000,4411181.074387,2453971.533711,3885660.425655
933,Genève,46.202220,6.145690,0.000000,4396707.795404,473418.976417,4580831.878252
934,Al-Hasakah,36.502370,40.747720,0.000000,3888740.028594,3350483.152417,3773144.966386
935,Qinzhou,21.968080,108.621360,0.000000,-1889630.313650,5608006.080100,2371134.786782
936,Fuzhou--Jiangxi,27.981190,116.355676,0.000000,-2502366.975693,5050792.605095,2974663.835882
937,Zahedan,29.496300,60.862900,0.000000,2705202.369137,4852892.066453,3121896.966412
938,Akure,7.252560,5.193120,0.000000,6301470.648299,572715.823095,799849.186629
939,Ujjain,23.183330,75.766670,0.000000,1442316.350164,5686067.833041,2495394.918059
940,Sanliurfa,37.167080,38.793920,0.000000,3966241.790828,3188247.371993,3832184.487570
941,Feira-De-Santana,-12.266670,-38.966670,0.000000,4846589.289789,-3920024.681504,-1346243.098425
942,Sokoto,13.060920,5.239020,0.000000,6188236.966625,567423.209549,1431970.928839
943,Villavicencio,4.142000,-73.626640,0.000000,1793302.053055,-6103593.838038,457607.708782
944,Tlaxcala,19.313890,-98.241670,0.000000,-863157.773015,-5959196.366341,2096170.508151
945,Leipzig,51.339620,12.371290,0.000000,3899886.888212,855397.331751,4957233.882729
946,Agartala,23.836390,91.275000,0.000000,-129886.239461,5835846.978747,2561717.945424
947,Tirupati,13.650000,79.416670,0.000000,1138567.838835,6093688.307750,1495380.118600
948,Dresden,51.050890,13.738320,0.000000,3902685.656427,954137.929528,4937104.199319
949,Kerman,30.283210,57.078790,0.000000,2995956.951477,4627287.481092,3197523.039063
950,Bremen,53.075160,8.807770,0.000000,3794712.438397,587979.475683,5075571.524468
951,Siping,43.163330,124.368610,0.000000,-2630389.790919,3846105.859310,4340753.389908
952,Orenburg,51.772700,55.098800,0.000000,2262823.309296,3243536.373640,4987192.073297
953,Tomsk,56.494170,84.974170,0.000000,309165.546846,3515523.920517,5295012.722206
954,Poznań,52.406920,16.929930,0.000000,3730196.289329,1135449.061636,5030551.265495
955,Sangali,16.854380,74.564170,0.000000,1625134.399467,5885634.646586,1837415.601614
956,Novokuznetsk,53.755700,87.109900,0.000000,190547.557380,3774371.064105,5120712.973749
957,Zhoukou,33.617368,114.646126,0.000000,-2217202.710543,4832508.375935,3511181.370578
958,Yangjiang,21.861445,111.956303,0.000000,-2214311.850720,5492671.104710,2360180.406793
959,Juiz-De-Fora,-21.764170,-43.350280,0.000000,4309370.087118,-4068090.792487,-2350180.544761
960,Sanya,18.267573,109.503412,0.000000,-2022772.111982,5711051.370758,1986528.505937
961,Poza-Rica-de-Hidalgo,20.533150,-97.459460,0.000000,-775752.875975,-5924819.490715,2223065.705815
962,Qitaihe,45.767053,130.975000,0.000000,-2922526.155905,3364945.962577,4547222.534256
963,Ardabil,38.249800,48.293300,0.000000,3336773.881375,3744231.291509,3927255.230327
964,Leicester,52.638600,-1.131700,0.000000,3877964.523588,-76607.095819,5046237.429366
965,Yuncheng,35.023060,110.992780,0.000000,-1873275.557559,4881888.326233,3639961.295428
966,Kemerovo,55.333330,86.083330,0.000000,248368.106693,3627640.685475,5222578.117522
967,Kayamkulam,9.166577,76.504332,0.000000,1469593.167545,6123335.608814,1009354.698686
968,Hannover,52.370520,9.733220,0.000000,3846216.650639,659741.267330,5028079.302563
969,Tirunelveli,8.733330,77.700000,0.000000,1343086.646342,6159951.577037,962020.618995
970,Yazd,31.897220,54.367500,0.000000,3157656.594451,4405286.622855,3350760.072181
971,Mathura,27.500000,77.683330,0.000000,1207684.414169,5531208.645848,2927469.535029
972,Taicang,31.454873,121.117171,0.000000,-2814356.773328,4662252.883654,3309018.878215
973,Haimen,31.895193,121.168399,0.000000,-2805255.579601,4637798.393329,3350569.246196
974,Djibouti,11.587670,43.144680,0.000000,4559440.657587,4273323.016367,1272752.983208
975,Vellore,12.933330,79.133330,0.000000,1172124.947658,6105885.180398,1418217.210502
976,Sheikhupura,31.713056,73.978333,0.000000,1498919.066019,5219901.253777,3333405.581370
977,Matamoros,25.533330,-103.250000,0.000000,-1319918.035832,-5605491.481827,2732502.016300
978,Astrakhan,46.349680,48.040760,0.000000,2948718.799342,3279572.852453,4592161.214687
979,Cangzhou,38.316670,116.866670,0.000000,-2264419.592574,4469857.370858,3933081.728445
980,Udon-Thani,17.415670,102.785890,0.000000,-1347231.670747,5936629.094826,1896776.481874
981,Ryazan,54.626900,39.691600,0.000000,2847537.849761,2363366.340201,5177448.861349
982,Dengzhou,32.682220,112.081940,0.000000,-2020103.738557,4979417.659751,3424347.976188
983,Puyang,35.770510,115.043769,0.000000,-2193138.939885,4693836.741280,3707560.388198
984,Namangan,40.998300,71.672570,0.000000,1515858.600043,4576182.839730,4162279.615641
985,Fuqing,25.725000,119.379440,0.000000,-2820707.654449,5010152.470745,2751646.526913
986,Shishi,24.736683,118.634046,0.000000,-2777654.742742,5087384.088918,2652610.483524
987,Tonghua,41.720071,125.928089,0.000000,-2797567.137169,3860701.278374,4222446.224162
988,Renqiu,38.698890,116.093610,0.000000,-2192286.802787,4476277.673899,3966283.159008
989,Loudi,27.734440,111.994440,0.000000,-2115821.794404,5238306.180571,2950488.640583
990,Miluo,28.806933,113.072064,0.000000,-2191903.026066,5145795.626104,3055167.487525
991,Zhangjiagang,31.865000,120.538890,0.000000,-2755030.236115,4669862.125276,3347726.324511
992,Hsinchu,24.805781,120.970300,0.000000,-2981077.930585,4967177.302151,2659560.176052
993,Hebi,35.747018,114.295632,0.000000,-2132290.876332,4723460.894245,3705445.218533
994,Chon-Buri,13.361125,100.988319,0.000000,-1183034.286017,6092815.302509,1464304.285140
995,Bilaspur,22.078278,82.145740,0.000000,808065.275436,5857758.184254,2382446.697369
996,Bago,17.336670,96.479720,0.000000,-687287.081465,6051283.503005,1888432.286865
997,Imphal,24.816670,93.950000,0.000000,-399026.118024,5778805.248416,2660655.015508
998,Santa-Marta,11.240790,-74.199040,0.000000,1703643.110744,-6020162.107161,1235140.856463
999,Worcester,42.262599,-71.802347,0.000000,1476357.608238,-4490987.180408,4267234.250220
